기간	자치구	동	전체인구	전체인구	전체인구	65세이상 인구	65세이상 인구	65세이상 인구	65세이상 인구	65세이상 인구	65세이상 인구	65세이상 인구	65세이상 인구	65세이상 인구
기간	자치구	동	전체인구	전체인구	전체인구	합계	합계	합계	내국인	내국인	내국인	외국인	외국인	외국인
기간	자치구	동	계	남자	여자	계	남자	여자	계	남자	여자	계	남자	여자
2018	합계	합계	10,049,607	4,910,849	5,138,758	1,416,131	625,040	791,091	1,410,297	621,950	788,347	5,834	3,090	2,744
2018	종로구	소계	163,026	79,156	83,870	26,742	11,779	14,963	26,572	11,682	14,890	170	97	73
2018	종로구	사직동	9,818	4,448	5,370	1,763	748	1,015	1,756	745	1,011	7	3	4
2018	종로구	삼청동	3,073	1,455	1,618	634	269	365	621	260	361	13	9	4
2018	종로구	부암동	10,537	5,054	5,483	1,742	773	969	1,736	770	966	6	3	3
2018	종로구	평창동	19,105	8,970	10,135	3,154	1,354	1,800	3,144	1,347	1,797	10	7	3
2018	종로구	무악동	8,260	3,865	4,395	1,307	559	748	1,307	559	748	-	-	-
2018	종로구	교남동	10,846	5,060	5,786	1,483	605	878	1,478	602	876	5	3	2
2018	종로구	가회동	4,546	2,126	2,420	902	372	530	893	365	528	9	7	2
2018	종로구	종로1.2.3.4가동	8,462	4,943	3,519	1,872	1,034	838	1,838	1,014	824	34	20	14
2018	종로구	종로5·6가동	5,597	3,046	2,551	1,091	520	571	1,088	520	568	3	-	3
2018	종로구	이화동	8,621	4,020	4,601	1,342	550	792	1,339	549	790	3	1	2
2018	종로구	창신1동	6,237	3,366	2,871	1,169	585	584	1,158	579	579	11	6	5
2018	종로구	창신2동	10,015	5,072	4,943	1,673	722	951	1,649	709	940	24	13	11
2018	종로구	창신3동	7,439	3,667	3,772	1,135	496	639	1,132	494	638	3	2	1
2018	종로구	숭인1동	6,723	3,310	3,413	1,148	495	653	1,144	493	651	4	2	2
2018	종로구	숭인2동	10,088	5,074	5,014	1,603	780	823	1,593	775	818	10	5	5
2018	종로구	청운효자동	13,293	6,260	7,033	2,172	898	1,274	2,149	884	1,265	23	14	9
2018	종로구	혜화동	20,366	9,420	10,946	2,552	1,019	1,533	2,547	1,017	1,530	5	2	3
2018	중구	소계	135,633	66,674	68,959	22,005	9,635	12,370	21,750	9,498	12,252	255	137	118
2018	중구	소공동	2,936	1,516	1,420	260	127	133	227	107	120	33	20	13
2018	중구	회현동	5,952	3,239	2,713	1,393	710	683	1,332	677	655	61	33	28
2018	중구	명동	3,470	1,538	1,932	701	253	448	677	239	438	24	14	10
2018	중구	필동	5,045	2,552	2,493	787	348	439	783	347	436	4	1	3
2018	중구	장충동	5,653	2,782	2,871	774	329	445	767	327	440	7	2	5
2018	중구	광희동	6,057	3,165	2,892	1,115	541	574	1,097	532	565	18	9	9
2018	중구	을지로동	1,901	1,143	758	458	261	197	448	255	193	10	6	4
2018	중구	신당5동	9,691	4,802	4,889	1,525	642	883	1,513	635	878	12	7	5
2018	중구	황학동	13,380	6,524	6,856	1,794	821	973	1,776	811	965	18	10	8
2018	중구	중림동	12,980	6,523	6,457	1,887	839	1,048	1,872	833	1,039	15	6	9
2018	중구	신당동	9,419	4,639	4,780	1,304	583	721	1,270	565	705	34	18	16
2018	중구	다산동	15,113	7,317	7,796	2,427	1,046	1,381	2,420	1,041	1,379	7	5	2
2018	중구	약수동	17,973	8,503	9,470	3,398	1,430	1,968	3,390	1,426	1,964	8	4	4
2018	중구	청구동	14,844	7,040	7,804	2,506	991	1,515	2,504	989	1,515	2	2	-
2018	중구	동화동	11,219	5,391	5,828	1,676	714	962	1,674	714	960	2	-	2
2018	용산구	소계	245,090	119,766	125,324	37,640	15,892	21,748	37,212	15,630	21,582	428	262	166
2018	용산구	후암동	18,703	9,109	9,594	2,934	1,183	1,751	2,908	1,168	1,740	26	15	11
2018	용산구	용산2가동	12,107	5,952	6,155	2,016	851	1,165	1,998	839	1,159	18	12	6
2018	용산구	남영동	8,501	5,133	3,368	1,550	908	642	1,533	898	635	17	10	7
2018	용산구	원효로2동	15,064	7,066	7,998	2,291	958	1,333	2,286	958	1,328	5	-	5
2018	용산구	효창동	9,054	4,315	4,739	1,291	530	761	1,285	526	759	6	4	2
2018	용산구	용문동	12,757	6,136	6,621	1,955	816	1,139	1,953	814	1,139	2	2	-
2018	용산구	이촌1동	29,341	13,758	15,583	4,308	1,782	2,526	4,259	1,748	2,511	49	34	15
2018	용산구	이촌2동	9,090	4,284	4,806	1,673	676	997	1,666	671	995	7	5	2
2018	용산구	이태원1동	9,315	4,945	4,370	1,527	577	950	1,494	562	932	33	15	18
2018	용산구	이태원2동	10,927	5,162	5,765	1,847	744	1,103	1,810	718	1,092	37	26	11
2018	용산구	서빙고동	14,257	6,899	7,358	2,041	826	1,215	2,014	807	1,207	27	19	8
2018	용산구	보광동	16,124	8,098	8,026	2,669	1,059	1,610	2,651	1,050	1,601	18	9	9
2018	용산구	청파동	20,922	9,871	11,051	3,232	1,327	1,905	3,211	1,318	1,893	21	9	12
2018	용산구	원효로1동	16,034	7,785	8,249	1,842	812	1,030	1,818	797	1,021	24	15	9
2018	용산구	한강로동	19,209	9,399	9,810	2,978	1,363	1,615	2,909	1,319	1,590	69	44	25
2018	용산구	한남동	23,685	11,854	11,831	3,486	1,480	2,006	3,417	1,437	1,980	69	43	26
2018	성동구	소계	316,463	155,091	161,372	42,767	18,612	24,155	42,629	18,531	24,098	138	81	57
2018	성동구	왕십리2동	18,148	8,821	9,327	2,422	1,053	1,369	2,416	1,048	1,368	6	5	1
2018	성동구	마장동	24,157	11,855	12,302	3,486	1,581	1,905	3,476	1,575	1,901	10	6	4
2018	성동구	사근동	13,408	6,665	6,743	1,418	610	808	1,412	606	806	6	4	2
2018	성동구	행당1동	16,728	8,135	8,593	2,273	995	1,278	2,270	993	1,277	3	2	1
2018	성동구	행당2동	25,075	11,840	13,235	3,385	1,431	1,954	3,382	1,430	1,952	3	1	2
2018	성동구	응봉동	16,405	7,756	8,649	2,361	985	1,376	2,360	985	1,375	1	-	1
2018	성동구	금호1가동	16,191	7,775	8,416	2,305	977	1,328	2,298	973	1,325	7	4	3
2018	성동구	금호4가동	15,488	7,423	8,065	2,123	867	1,256	2,121	866	1,255	2	1	1
2018	성동구	성수1가1동	17,570	8,840	8,730	1,985	897	1,088	1,974	891	1,083	11	6	5
2018	성동구	성수1가2동	15,786	7,894	7,892	1,975	879	1,096	1,968	877	1,091	7	2	5
2018	성동구	성수2가1동	18,317	9,506	8,811	2,627	1,183	1,444	2,613	1,174	1,439	14	9	5
2018	성동구	성수2가3동	11,915	6,180	5,735	1,711	810	901	1,701	804	897	10	6	4
2018	성동구	송정동	11,778	6,258	5,520	1,624	742	882	1,606	730	876	18	12	6
2018	성동구	용답동	15,659	8,248	7,411	2,392	1,086	1,306	2,373	1,076	1,297	19	10	9
2018	성동구	왕십리도선동	27,853	13,304	14,549	3,366	1,414	1,952	3,362	1,413	1,949	4	1	3
2018	성동구	금호2.3가동	24,467	11,690	12,777	3,663	1,539	2,124	3,661	1,538	2,123	2	1	1
2018	성동구	옥수동	27,518	12,901	14,617	3,651	1,563	2,088	3,636	1,552	2,084	15	11	4
2018	광진구	소계	371,063	179,527	191,536	45,619	20,291	25,328	45,432	20,200	25,232	187	91	96
2018	광진구	화양동	24,804	11,423	13,381	2,166	968	1,198	2,152	961	1,191	14	7	7
2018	광진구	군자동	22,029	10,803	11,226	2,735	1,239	1,496	2,722	1,234	1,488	13	5	8
2018	광진구	중곡1동	16,500	8,095	8,405	2,245	1,025	1,220	2,226	1,013	1,213	19	12	7
2018	광진구	중곡2동	22,699	10,953	11,746	2,894	1,303	1,591	2,891	1,301	1,590	3	2	1
2018	광진구	중곡3동	17,843	8,856	8,987	2,532	1,117	1,415	2,530	1,116	1,414	2	1	1
2018	광진구	중곡4동	31,159	15,337	15,822	4,413	1,943	2,470	4,407	1,942	2,465	6	1	5
2018	광진구	능동	11,891	5,515	6,376	1,455	656	799	1,450	653	797	5	3	2
2018	광진구	구의1동	23,282	11,141	12,141	2,872	1,252	1,620	2,859	1,247	1,612	13	5	8
2018	광진구	구의2동	27,974	13,580	14,394	3,866	1,687	2,179	3,861	1,683	2,178	5	4	1
2018	광진구	구의3동	30,476	14,519	15,957	3,551	1,581	1,970	3,547	1,579	1,968	4	2	2
2018	광진구	광장동	36,309	17,603	18,706	3,353	1,484	1,869	3,347	1,481	1,866	6	3	3
2018	광진구	자양1동	24,476	11,801	12,675	3,074	1,326	1,748	3,053	1,317	1,736	21	9	12
2018	광진구	자양2동	27,435	13,472	13,963	3,469	1,586	1,883	3,466	1,585	1,881	3	1	2
2018	광진구	자양3동	30,132	14,509	15,623	3,564	1,600	1,964	3,558	1,598	1,960	6	2	4
2018	광진구	자양4동	24,054	11,920	12,134	3,430	1,524	1,906	3,363	1,490	1,873	67	34	33
2018	동대문구	소계	364,338	179,774	184,564	57,165	25,347	31,818	56,991	25,271	31,720	174	76	98
2018	동대문구	회기동	12,868	5,819	7,049	1,446	588	858	1,436	582	854	10	6	4
2018	동대문구	휘경1동	14,653	7,088	7,565	2,221	981	1,240	2,214	979	1,235	7	2	5
2018	동대문구	휘경2동	25,147	12,315	12,832	3,520	1,550	1,970	3,516	1,548	1,968	4	2	2
2018	동대문구	청량리동	22,527	11,276	11,251	5,040	2,217	2,823	5,018	2,209	2,809	22	8	14
2018	동대문구	용신동	31,961	16,348	15,613	5,329	2,465	2,864	5,298	2,452	2,846	31	13	18
2018	동대문구	제기동	27,576	13,803	13,773	5,268	2,336	2,932	5,252	2,328	2,924	16	8	8
2018	동대문구	전농1동	30,988	15,595	15,393	5,168	2,271	2,897	5,146	2,259	2,887	22	12	10
2018	동대문구	전농2동	20,351	9,742	10,609	3,345	1,479	1,866	3,341	1,478	1,863	4	1	3
2018	동대문구	답십리1동	29,492	14,424	15,068	3,664	1,592	2,072	3,660	1,591	2,069	4	1	3
2018	동대문구	답십리2동	28,970	14,193	14,777	4,900	2,146	2,754	4,889	2,142	2,747	11	4	7
2018	동대문구	장안1동	39,212	19,625	19,587	5,566	2,625	2,941	5,548	2,620	2,928	18	5	13
2018	동대문구	장안2동	31,649	15,865	15,784	4,281	1,930	2,351	4,275	1,928	2,347	6	2	4
2018	동대문구	이문1동	26,940	12,950	13,990	3,893	1,638	2,255	3,881	1,632	2,249	12	6	6
2018	동대문구	이문2동	22,004	10,731	11,273	3,524	1,529	1,995	3,517	1,523	1,994	7	6	1
2018	중랑구	소계	408,147	202,448	205,699	61,830	27,516	34,314	61,748	27,474	34,274	82	42	40
2018	중랑구	면목2동	26,482	13,226	13,256	3,962	1,756	2,206	3,956	1,751	2,205	6	5	1
2018	중랑구	면목4동	20,730	10,280	10,450	3,398	1,454	1,944	3,391	1,448	1,943	7	6	1
2018	중랑구	면목5동	10,071	5,148	4,923	1,569	721	848	1,568	720	848	1	1	-
2018	중랑구	면목7동	22,258	11,050	11,208	3,704	1,633	2,071	3,700	1,631	2,069	4	2	2
2018	중랑구	상봉1동	25,619	12,509	13,110	3,293	1,412	1,881	3,290	1,410	1,880	3	2	1
2018	중랑구	상봉2동	19,243	9,449	9,794	2,641	1,228	1,413	2,639	1,227	1,412	2	1	1
2018	중랑구	중화1동	21,030	10,377	10,653	3,037	1,365	1,672	3,034	1,364	1,670	3	1	2
2018	중랑구	중화2동	28,660	14,731	13,929	4,715	2,140	2,575	4,691	2,132	2,559	24	8	16
2018	중랑구	묵1동	36,233	17,708	18,525	5,125	2,317	2,808	5,124	2,316	2,808	1	1	-
2018	중랑구	묵2동	20,355	10,016	10,339	3,050	1,375	1,675	3,043	1,373	1,670	7	2	5
2018	중랑구	망우3동	18,334	9,176	9,158	2,954	1,330	1,624	2,952	1,329	1,623	2	1	1
2018	중랑구	신내1동	41,264	20,226	21,038	5,839	2,570	3,269	5,835	2,567	3,268	4	3	1
2018	중랑구	신내2동	22,379	10,740	11,639	3,438	1,440	1,998	3,438	1,440	1,998	-	-	-
2018	중랑구	면목본동	36,558	18,145	18,413	5,438	2,400	3,038	5,434	2,400	3,034	4	-	4
2018	중랑구	면목3.8동	27,139	13,606	13,533	4,451	2,018	2,433	4,444	2,012	2,432	7	6	1
2018	중랑구	망우본동	31,792	16,061	15,731	5,216	2,357	2,859	5,209	2,354	2,855	7	3	4
2018	성북구	소계	447,687	216,495	231,192	67,782	29,163	38,619	67,646	29,097	38,549	136	66	70
2018	성북구	돈암1동	16,404	7,671	8,733	2,602	1,107	1,495	2,602	1,107	1,495	-	-	-
2018	성북구	돈암2동	25,273	12,059	13,214	3,139	1,327	1,812	3,134	1,326	1,808	5	1	4
2018	성북구	안암동	17,260	8,471	8,789	2,055	860	1,195	2,048	857	1,191	7	3	4
2018	성북구	보문동	17,067	8,258	8,809	2,321	983	1,338	2,313	980	1,333	8	3	5
2018	성북구	정릉1동	18,642	8,868	9,774	2,819	1,208	1,611	2,815	1,207	1,608	4	1	3
2018	성북구	정릉2동	24,267	11,850	12,417	4,034	1,760	2,274	4,027	1,756	2,271	7	4	3
2018	성북구	정릉3동	17,294	8,639	8,655	3,079	1,290	1,789	3,078	1,290	1,788	1	-	1
2018	성북구	정릉4동	27,161	13,168	13,993	4,430	1,959	2,471	4,426	1,957	2,469	4	2	2
2018	성북구	길음1동	37,829	18,072	19,757	4,203	1,730	2,473	4,197	1,728	2,469	6	2	4
2018	성북구	길음2동	11,767	5,720	6,047	1,908	830	1,078	1,907	829	1,078	1	1	-
2018	성북구	월곡1동	27,854	13,511	14,343	4,276	1,861	2,415	4,274	1,860	2,414	2	1	1
2018	성북구	월곡2동	20,702	10,107	10,595	3,274	1,459	1,815	3,269	1,457	1,812	5	2	3
2018	성북구	장위1동	21,228	10,457	10,771	3,456	1,489	1,967	3,451	1,488	1,963	5	1	4
2018	성북구	장위2동	15,069	7,525	7,544	3,086	1,361	1,725	3,078	1,359	1,719	8	2	6
2018	성북구	장위3동	11,689	5,862	5,827	1,890	880	1,010	1,890	880	1,010	-	-	-
2018	성북구	성북동	17,902	8,478	9,424	2,942	1,251	1,691	2,924	1,241	1,683	18	10	8
2018	성북구	삼선동	26,971	12,962	14,009	4,009	1,679	2,330	3,997	1,673	2,324	12	6	6
2018	성북구	동선동	16,386	6,926	9,460	2,169	905	1,264	2,149	891	1,258	20	14	6
2018	성북구	종암동	42,876	20,976	21,900	6,116	2,546	3,570	6,109	2,541	3,568	7	5	2
2018	성북구	석관동	34,046	16,915	17,131	5,974	2,678	3,296	5,958	2,670	3,288	16	8	8
2018	강북구	소계	322,915	157,522	165,393	58,196	25,034	33,162	58,103	24,986	33,117	93	48	45
2018	강북구	번1동	19,964	9,927	10,037	3,345	1,493	1,852	3,336	1,487	1,849	9	6	3
2018	강북구	번2동	17,504	8,463	9,041	3,662	1,457	2,205	3,657	1,456	2,201	5	1	4
2018	강북구	번3동	18,967	8,979	9,988	4,378	1,715	2,663	4,377	1,714	2,663	1	1	-
2018	강북구	수유1동	22,338	11,032	11,306	4,049	1,807	2,242	4,044	1,804	2,240	5	3	2
2018	강북구	수유2동	22,526	10,909	11,617	4,326	1,826	2,500	4,322	1,824	2,498	4	2	2
2018	강북구	수유3동	24,280	12,035	12,245	4,110	1,811	2,299	4,106	1,809	2,297	4	2	2
2018	강북구	삼양동	26,575	13,202	13,373	4,641	2,050	2,591	4,639	2,048	2,591	2	2	-
2018	강북구	미아동	23,228	11,181	12,047	4,068	1,764	2,304	4,056	1,759	2,297	12	5	7
2018	강북구	송중동	29,549	14,216	15,333	5,309	2,318	2,991	5,296	2,311	2,985	13	7	6
2018	강북구	송천동	29,519	14,706	14,813	5,597	2,457	3,140	5,583	2,450	3,133	14	7	7
2018	강북구	삼각산동	33,524	16,137	17,387	3,978	1,617	2,361	3,972	1,614	2,358	6	3	3
2018	강북구	우이동	21,895	10,676	11,219	4,386	1,946	2,440	4,376	1,939	2,437	10	7	3
2018	강북구	인수동	33,046	16,059	16,987	6,347	2,773	3,574	6,339	2,771	3,568	8	2	6
2018	도봉구	소계	341,649	167,043	174,606	55,964	24,854	31,110	55,926	24,831	31,095	38	23	15
2018	도봉구	쌍문1동	22,428	10,850	11,578	3,972	1,748	2,224	3,970	1,747	2,223	2	1	1
2018	도봉구	쌍문2동	20,580	9,986	10,594	3,453	1,486	1,967	3,450	1,484	1,966	3	2	1
2018	도봉구	쌍문3동	17,406	8,394	9,012	3,120	1,398	1,722	3,117	1,396	1,721	3	2	1
2018	도봉구	쌍문4동	20,102	9,570	10,532	2,591	1,134	1,457	2,587	1,132	1,455	4	2	2
2018	도봉구	방학1동	30,563	15,146	15,417	5,031	2,315	2,716	5,027	2,313	2,714	4	2	2
2018	도봉구	방학2동	21,648	10,921	10,727	3,892	1,735	2,157	3,891	1,735	2,156	1	-	1
2018	도봉구	방학3동	29,336	14,322	15,014	4,161	1,800	2,361	4,161	1,800	2,361	-	-	-
2018	도봉구	창1동	26,725	12,831	13,894	4,040	1,736	2,304	4,035	1,732	2,303	5	4	1
2018	도봉구	창2동	31,351	15,371	15,980	4,551	2,048	2,503	4,550	2,047	2,503	1	1	-
2018	도봉구	창3동	15,150	7,536	7,614	2,671	1,150	1,521	2,669	1,149	1,520	2	1	1
2018	도봉구	창4동	28,464	13,740	14,724	3,755	1,611	2,144	3,751	1,608	2,143	4	3	1
2018	도봉구	창5동	26,029	12,589	13,440	3,828	1,719	2,109	3,827	1,718	2,109	1	1	-
2018	도봉구	도봉1동	22,839	11,541	11,298	5,136	2,355	2,781	5,132	2,354	2,778	4	1	3
2018	도봉구	도봉2동	29,028	14,246	14,782	5,763	2,619	3,144	5,759	2,616	3,143	4	3	1
2018	노원구	소계	548,160	265,870	282,290	77,096	32,280	44,816	77,032	32,254	44,778	64	26	38
2018	노원구	월계1동	24,087	12,448	11,639	3,927	1,801	2,126	3,925	1,800	2,125	2	1	1
2018	노원구	월계2동	26,692	12,853	13,839	4,907	2,029	2,878	4,904	2,027	2,877	3	2	1
2018	노원구	월계3동	32,496	15,653	16,843	5,337	2,273	3,064	5,334	2,273	3,061	3	-	3
2018	노원구	공릉2동	41,539	20,373	21,166	4,611	2,059	2,552	4,605	2,056	2,549	6	3	3
2018	노원구	하계1동	29,901	14,522	15,379	3,864	1,396	2,468	3,860	1,395	2,465	4	1	3
2018	노원구	하계2동	23,852	11,415	12,437	2,877	1,154	1,723	2,873	1,152	1,721	4	2	2
2018	노원구	중계본동	26,863	13,180	13,683	2,525	1,049	1,476	2,522	1,048	1,474	3	1	2
2018	노원구	중계1동	28,351	13,836	14,515	2,185	866	1,319	2,184	866	1,318	1	-	1
2018	노원구	중계4동	21,841	10,610	11,231	3,628	1,423	2,205	3,624	1,422	2,202	4	1	3
2018	노원구	상계1동	41,010	20,010	21,000	6,138	2,751	3,387	6,126	2,745	3,381	12	6	6
2018	노원구	상계2동	21,624	10,703	10,921	3,005	1,395	1,610	3,004	1,394	1,610	1	1	-
2018	노원구	상계5동	26,230	12,812	13,418	4,634	1,948	2,686	4,633	1,947	2,686	1	1	-
2018	노원구	상계8동	24,427	11,776	12,651	2,500	1,028	1,472	2,499	1,028	1,471	1	-	1
2018	노원구	상계9동	22,348	10,732	11,616	2,952	1,249	1,703	2,950	1,247	1,703	2	2	-
2018	노원구	상계10동	17,021	7,880	9,141	2,011	826	1,185	2,010	826	1,184	1	-	1
2018	노원구	상계3.4동	26,622	13,256	13,366	5,473	2,370	3,103	5,469	2,369	3,100	4	1	3
2018	노원구	상계6.7동	35,480	16,533	18,947	4,316	1,765	2,551	4,311	1,763	2,548	5	2	3
2018	노원구	중계2.3동	37,786	17,632	20,154	6,640	2,421	4,219	6,636	2,420	4,216	4	1	3
2018	노원구	공릉1동	39,990	19,646	20,344	5,566	2,477	3,089	5,563	2,476	3,087	3	1	2
2018	은평구	소계	487,666	235,600	252,066	77,420	33,525	43,895	77,263	33,446	43,817	157	79	78
2018	은평구	녹번동	34,901	16,782	18,119	5,928	2,520	3,408	5,907	2,508	3,399	21	12	9
2018	은평구	불광1동	41,585	19,824	21,761	7,081	3,003	4,078	7,068	2,993	4,075	13	10	3
2018	은평구	갈현1동	25,191	12,299	12,892	4,104	1,817	2,287	4,095	1,813	2,282	9	4	5
2018	은평구	갈현2동	30,692	14,644	16,048	4,530	1,959	2,571	4,523	1,959	2,564	7	-	7
2018	은평구	구산동	34,132	17,040	17,092	5,570	2,724	2,846	5,565	2,720	2,845	5	4	1
2018	은평구	대조동	32,608	15,382	17,226	5,307	2,270	3,037	5,293	2,263	3,030	14	7	7
2018	은평구	응암1동	26,185	12,584	13,601	3,945	1,651	2,294	3,939	1,648	2,291	6	3	3
2018	은평구	응암2동	21,086	10,329	10,757	2,830	1,198	1,632	2,820	1,193	1,627	10	5	5
2018	은평구	신사1동	28,926	14,010	14,916	4,443	1,908	2,535	4,436	1,906	2,530	7	2	5
2018	은평구	신사2동	22,247	11,117	11,130	3,452	1,532	1,920	3,446	1,529	1,917	6	3	3
2018	은평구	증산동	16,412	8,113	8,299	2,882	1,277	1,605	2,876	1,274	1,602	6	3	3
2018	은평구	수색동	11,266	5,636	5,630	2,097	889	1,208	2,092	887	1,205	5	2	3
2018	은평구	진관동	56,487	26,761	29,726	7,079	3,046	4,033	7,070	3,042	4,028	9	4	5
2018	은평구	불광2동	29,914	14,518	15,396	5,331	2,314	3,017	5,315	2,306	3,009	16	8	8
2018	은평구	응암3동	26,417	12,932	13,485	5,249	2,182	3,067	5,238	2,176	3,062	11	6	5
2018	은평구	역촌동	49,617	23,629	25,988	7,592	3,235	4,357	7,580	3,229	4,351	12	6	6
2018	서대문구	소계	323,080	153,816	169,264	50,456	21,334	29,122	50,045	21,128	28,917	411	206	205
2018	서대문구	천연동	19,044	9,085	9,959	3,169	1,236	1,933	3,160	1,232	1,928	9	4	5
2018	서대문구	홍제1동	23,123	10,868	12,255	4,004	1,699	2,305	3,985	1,689	2,296	19	10	9
2018	서대문구	홍제3동	16,616	8,052	8,564	3,325	1,391	1,934	3,318	1,388	1,930	7	3	4
2018	서대문구	홍제2동	14,934	7,137	7,797	2,583	1,057	1,526	2,571	1,050	1,521	12	7	5
2018	서대문구	홍은1동	24,131	11,730	12,401	4,359	1,853	2,506	4,346	1,844	2,502	13	9	4
2018	서대문구	홍은2동	29,004	14,111	14,893	4,713	2,035	2,678	4,671	2,016	2,655	42	19	23
2018	서대문구	남가좌1동	17,199	8,285	8,914	2,086	883	1,203	2,071	877	1,194	15	6	9
2018	서대문구	남가좌2동	24,989	12,050	12,939	4,061	1,716	2,345	4,046	1,708	2,338	15	8	7
2018	서대문구	북가좌1동	19,311	9,373	9,938	2,767	1,188	1,579	2,759	1,186	1,573	8	2	6
2018	서대문구	북가좌2동	34,237	16,726	17,511	5,734	2,488	3,246	5,717	2,481	3,236	17	7	10
2018	서대문구	충현동	18,291	8,922	9,369	3,058	1,298	1,760	3,047	1,292	1,755	11	6	5
2018	서대문구	북아현동	17,832	8,439	9,393	2,245	910	1,335	2,229	902	1,327	16	8	8
2018	서대문구	신촌동	23,917	9,600	14,317	2,144	916	1,228	2,114	899	1,215	30	17	13
2018	서대문구	연희동	40,452	19,438	21,014	6,208	2,664	3,544	6,011	2,564	3,447	197	100	97
2018	마포구	소계	386,359	182,573	203,786	50,833	21,270	29,563	50,544	21,122	29,422	289	148	141
2018	마포구	용강동	22,647	10,842	11,805	2,739	1,131	1,608	2,714	1,120	1,594	25	11	14
2018	마포구	대흥동	13,661	6,326	7,335	1,850	748	1,102	1,835	741	1,094	15	7	8
2018	마포구	염리동	13,063	6,159	6,904	1,786	736	1,050	1,777	730	1,047	9	6	3
2018	마포구	신수동	21,806	10,580	11,226	2,993	1,271	1,722	2,987	1,268	1,719	6	3	3
2018	마포구	서교동	26,264	12,009	14,255	3,302	1,436	1,866	3,292	1,428	1,864	10	8	2
2018	마포구	합정동	19,535	9,108	10,427	2,565	1,095	1,470	2,556	1,088	1,468	9	7	2
2018	마포구	망원1동	22,125	10,490	11,635	3,249	1,355	1,894	3,240	1,353	1,887	9	2	7
2018	마포구	망원2동	19,641	9,410	10,231	2,803	1,215	1,588	2,796	1,212	1,584	7	3	4
2018	마포구	연남동	17,393	8,121	9,272	2,430	1,014	1,416	2,345	977	1,368	85	37	48
2018	마포구	성산1동	20,443	9,688	10,755	2,781	1,198	1,583	2,764	1,188	1,576	17	10	7
2018	마포구	성산2동	41,743	19,435	22,308	5,672	2,246	3,426	5,665	2,243	3,422	7	3	4
2018	마포구	상암동	33,550	16,099	17,451	3,649	1,564	2,085	3,636	1,557	2,079	13	7	6
2018	마포구	도화동	22,845	10,876	11,969	3,497	1,478	2,019	3,481	1,470	2,011	16	8	8
2018	마포구	서강동	25,622	12,090	13,532	2,902	1,227	1,675	2,892	1,221	1,671	10	6	4
2018	마포구	공덕동	40,506	19,303	21,203	5,761	2,364	3,397	5,733	2,347	3,386	28	17	11
2018	마포구	아현동	25,515	12,037	13,478	2,854	1,192	1,662	2,831	1,179	1,652	23	13	10
2018	양천구	소계	468,145	230,457	237,688	58,045	25,907	32,138	57,941	25,855	32,086	104	52	52
2018	양천구	목1동	32,458	15,640	16,818	2,738	1,248	1,490	2,732	1,243	1,489	6	5	1
2018	양천구	목2동	31,754	15,573	16,181	3,587	1,603	1,984	3,577	1,598	1,979	10	5	5
2018	양천구	목3동	23,231	11,194	12,037	2,916	1,248	1,668	2,906	1,245	1,661	10	3	7
2018	양천구	목4동	27,289	13,418	13,871	2,907	1,246	1,661	2,902	1,243	1,659	5	3	2
2018	양천구	신월1동	22,379	11,476	10,903	3,636	1,643	1,993	3,629	1,642	1,987	7	1	6
2018	양천구	신월2동	22,853	11,225	11,628	3,425	1,588	1,837	3,421	1,585	1,836	4	3	1
2018	양천구	신월3동	17,186	9,076	8,110	2,709	1,232	1,477	2,699	1,230	1,469	10	2	8
2018	양천구	신월4동	19,335	9,530	9,805	2,758	1,242	1,516	2,758	1,242	1,516	-	-	-
2018	양천구	신월5동	15,759	7,800	7,959	2,098	975	1,123	2,095	974	1,121	3	1	2
2018	양천구	신월6동	6,815	3,377	3,438	1,044	485	559	1,043	485	558	1	-	1
2018	양천구	신월7동	22,347	10,984	11,363	3,846	1,646	2,200	3,842	1,644	2,198	4	2	2
2018	양천구	신정1동	21,677	10,636	11,041	2,364	1,057	1,307	2,357	1,052	1,305	7	5	2
2018	양천구	신정2동	20,987	10,270	10,717	2,355	1,014	1,341	2,350	1,012	1,338	5	2	3
2018	양천구	신정3동	48,799	23,942	24,857	6,077	2,669	3,408	6,063	2,662	3,401	14	7	7
2018	양천구	신정6동	25,500	12,440	13,060	2,300	1,068	1,232	2,299	1,067	1,232	1	1	-
2018	양천구	신정7동	30,193	14,692	15,501	4,268	1,753	2,515	4,264	1,750	2,514	4	3	1
2018	양천구	목5동	43,390	21,403	21,987	3,749	1,746	2,003	3,746	1,744	2,002	3	2	1
2018	양천구	신정4동	36,193	17,781	18,412	5,268	2,444	2,824	5,258	2,437	2,821	10	7	3
2018	강서구	소계	603,611	293,289	310,322	79,660	35,261	44,399	79,445	35,128	44,317	215	133	82
2018	강서구	염창동	41,016	20,102	20,914	3,667	1,650	2,017	3,661	1,649	2,012	6	1	5
2018	강서구	등촌1동	23,558	11,121	12,437	2,535	1,105	1,430	2,529	1,102	1,427	6	3	3
2018	강서구	등촌2동	22,118	10,988	11,130	2,803	1,296	1,507	2,800	1,293	1,507	3	3	-
2018	강서구	등촌3동	33,279	15,914	17,365	5,711	2,339	3,372	5,704	2,337	3,367	7	2	5
2018	강서구	화곡본동	36,390	17,745	18,645	4,332	1,882	2,450	4,319	1,879	2,440	13	3	10
2018	강서구	화곡2동	20,041	9,729	10,312	2,568	1,170	1,398	2,558	1,165	1,393	10	5	5
2018	강서구	화곡3동	22,730	10,927	11,803	3,506	1,624	1,882	3,500	1,621	1,879	6	3	3
2018	강서구	화곡4동	22,694	11,163	11,531	3,340	1,495	1,845	3,329	1,489	1,840	11	6	5
2018	강서구	화곡6동	24,840	12,283	12,557	3,380	1,561	1,819	3,373	1,557	1,816	7	4	3
2018	강서구	화곡8동	26,833	12,979	13,854	3,875	1,754	2,121	3,856	1,743	2,113	19	11	8
2018	강서구	가양1동	33,556	15,899	17,657	2,595	1,229	1,366	2,559	1,196	1,363	36	33	3
2018	강서구	가양2동	15,763	7,463	8,300	3,447	1,429	2,018	3,446	1,428	2,018	1	1	-
2018	강서구	가양3동	16,516	7,799	8,717	3,155	1,207	1,948	3,148	1,203	1,945	7	4	3
2018	강서구	발산1동	38,879	18,553	20,326	4,141	1,764	2,377	4,136	1,760	2,376	5	4	1
2018	강서구	공항동	28,646	14,665	13,981	3,510	1,600	1,910	3,486	1,583	1,903	24	17	7
2018	강서구	방화1동	46,357	22,697	23,660	5,743	2,631	3,112	5,735	2,627	3,108	8	4	4
2018	강서구	방화2동	24,391	12,081	12,310	4,311	1,854	2,457	4,298	1,847	2,451	13	7	6
2018	강서구	방화3동	24,912	12,031	12,881	4,447	1,884	2,563	4,445	1,883	2,562	2	1	1
2018	강서구	화곡1동	54,687	26,857	27,830	7,414	3,415	3,999	7,391	3,398	3,993	23	17	6
2018	강서구	우장산동	46,405	22,293	24,112	5,180	2,372	2,808	5,172	2,368	2,804	8	4	4
2018	구로구	소계	438,486	219,949	218,537	61,801	28,372	33,429	61,105	27,976	33,129	696	396	300
2018	구로구	신도림동	37,615	18,457	19,158	4,100	1,938	2,162	4,089	1,933	2,156	11	5	6
2018	구로구	구로1동	21,911	10,841	11,070	2,114	988	1,126	2,108	986	1,122	6	2	4
2018	구로구	구로3동	26,974	13,770	13,204	3,116	1,396	1,720	3,074	1,373	1,701	42	23	19
2018	구로구	구로4동	27,165	13,901	13,264	4,184	1,885	2,299	4,072	1,820	2,252	112	65	47
2018	구로구	구로5동	34,085	16,802	17,283	4,191	1,930	2,261	4,116	1,885	2,231	75	45	30
2018	구로구	고척1동	24,659	12,358	12,301	3,778	1,741	2,037	3,765	1,735	2,030	13	6	7
2018	구로구	고척2동	29,543	14,692	14,851	4,415	2,022	2,393	4,402	2,015	2,387	13	7	6
2018	구로구	개봉2동	33,715	16,482	17,233	5,431	2,540	2,891	5,418	2,531	2,887	13	9	4
2018	구로구	개봉3동	22,156	10,892	11,264	3,509	1,635	1,874	3,500	1,630	1,870	9	5	4
2018	구로구	오류1동	22,651	11,128	11,523	3,513	1,620	1,893	3,503	1,616	1,887	10	4	6
2018	구로구	오류2동	45,398	22,127	23,271	6,699	3,004	3,695	6,668	2,990	3,678	31	14	17
2018	구로구	수궁동	25,461	12,680	12,781	3,758	1,716	2,042	3,747	1,709	2,038	11	7	4
2018	구로구	가리봉동	16,206	9,391	6,815	2,002	920	1,082	1,892	853	1,039	110	67	43
2018	구로구	구로2동	36,289	19,034	17,255	5,371	2,396	2,975	5,162	2,277	2,885	209	119	90
2018	구로구	개봉1동	34,658	17,394	17,264	5,620	2,641	2,979	5,589	2,623	2,966	31	18	13
2018	금천구	소계	254,021	130,398	123,623	35,739	16,301	19,438	35,354	16,092	19,262	385	209	176
2018	금천구	가산동	24,459	13,719	10,740	2,292	1,144	1,148	2,223	1,105	1,118	69	39	30
2018	금천구	독산1동	41,826	21,846	19,980	5,019	2,289	2,730	4,967	2,259	2,708	52	30	22
2018	금천구	독산2동	22,103	11,360	10,743	3,048	1,392	1,656	3,013	1,377	1,636	35	15	20
2018	금천구	독산3동	30,702	15,938	14,764	4,116	1,916	2,200	4,012	1,862	2,150	104	54	50
2018	금천구	독산4동	18,776	9,602	9,174	2,625	1,210	1,415	2,584	1,188	1,396	41	22	19
2018	금천구	시흥1동	37,078	18,746	18,332	5,459	2,436	3,023	5,415	2,411	3,004	44	25	19
2018	금천구	시흥2동	23,253	11,333	11,920	3,636	1,649	1,987	3,631	1,644	1,987	5	5	-
2018	금천구	시흥3동	11,740	5,876	5,864	2,098	985	1,113	2,092	982	1,110	6	3	3
2018	금천구	시흥4동	22,747	11,293	11,454	3,546	1,629	1,917	3,530	1,618	1,912	16	11	5
2018	금천구	시흥5동	21,337	10,685	10,652	3,900	1,651	2,249	3,887	1,646	2,241	13	5	8
2018	영등포구	소계	403,600	203,319	200,281	55,673	25,178	30,495	54,906	24,768	30,138	767	410	357
2018	영등포구	여의동	33,973	16,121	17,852	5,681	2,543	3,138	5,661	2,529	3,132	20	14	6
2018	영등포구	당산1동	21,361	10,515	10,846	3,083	1,378	1,705	3,063	1,366	1,697	20	12	8
2018	영등포구	당산2동	36,191	17,027	19,164	4,144	1,891	2,253	4,127	1,878	2,249	17	13	4
2018	영등포구	양평1동	17,959	8,950	9,009	2,364	1,019	1,345	2,349	1,014	1,335	15	5	10
2018	영등포구	양평2동	22,962	11,487	11,475	2,322	1,004	1,318	2,318	1,003	1,315	4	1	3
2018	영등포구	신길1동	19,696	10,095	9,601	3,129	1,361	1,768	3,061	1,321	1,740	68	40	28
2018	영등포구	신길3동	17,563	8,869	8,694	2,719	1,210	1,509	2,690	1,194	1,496	29	16	13
2018	영등포구	신길4동	10,425	5,328	5,097	1,749	746	1,003	1,718	729	989	31	17	14
2018	영등포구	신길5동	11,649	5,817	5,832	1,869	827	1,042	1,832	810	1,022	37	17	20
2018	영등포구	신길6동	19,801	9,910	9,891	2,987	1,335	1,652	2,951	1,316	1,635	36	19	17
2018	영등포구	신길7동	17,216	8,609	8,607	1,924	861	1,063	1,920	860	1,060	4	1	3
2018	영등포구	대림1동	17,030	8,868	8,162	2,674	1,188	1,486	2,603	1,150	1,453	71	38	33
2018	영등포구	대림2동	22,231	11,729	10,502	2,772	1,240	1,532	2,622	1,160	1,462	150	80	70
2018	영등포구	대림3동	29,519	15,224	14,295	3,943	1,780	2,163	3,852	1,739	2,113	91	41	50
2018	영등포구	영등포본동	25,480	13,107	12,373	3,716	1,704	2,012	3,653	1,669	1,984	63	35	28
2018	영등포구	영등포동	26,111	14,372	11,739	3,224	1,678	1,546	3,211	1,670	1,541	13	8	5
2018	영등포구	도림동	22,178	11,328	10,850	3,140	1,411	1,729	3,060	1,366	1,694	80	45	35
2018	영등포구	문래동	32,255	15,963	16,292	4,233	2,002	2,231	4,215	1,994	2,221	18	8	10
2018	동작구	소계	409,385	198,458	210,927	59,479	25,930	33,549	59,265	25,824	33,441	214	106	108
2018	동작구	노량진2동	14,307	7,335	6,972	2,518	1,122	1,396	2,494	1,108	1,386	24	14	10
2018	동작구	상도1동	48,317	23,386	24,931	6,334	2,742	3,592	6,317	2,736	3,581	17	6	11
2018	동작구	상도2동	27,767	13,326	14,441	3,973	1,729	2,244	3,957	1,725	2,232	16	4	12
2018	동작구	상도3동	26,181	12,602	13,579	4,001	1,744	2,257	3,988	1,734	2,254	13	10	3
2018	동작구	상도4동	30,264	14,859	15,405	4,511	1,904	2,607	4,499	1,897	2,602	12	7	5
2018	동작구	사당1동	24,064	11,548	12,516	3,357	1,559	1,798	3,347	1,554	1,793	10	5	5
2018	동작구	사당3동	26,762	13,021	13,741	4,092	1,884	2,208	4,087	1,882	2,205	5	2	3
2018	동작구	사당4동	15,091	7,238	7,853	2,353	1,021	1,332	2,351	1,020	1,331	2	1	1
2018	동작구	사당5동	13,207	6,430	6,777	1,935	852	1,083	1,932	852	1,080	3	-	3
2018	동작구	대방동	40,360	19,249	21,111	5,127	2,129	2,998	5,114	2,123	2,991	13	6	7
2018	동작구	신대방1동	27,214	13,310	13,904	3,372	1,517	1,855	3,309	1,482	1,827	63	35	28
2018	동작구	신대방2동	21,076	10,161	10,915	2,816	1,285	1,531	2,813	1,285	1,528	3	-	3
2018	동작구	흑석동	33,231	15,875	17,356	5,138	2,121	3,017	5,123	2,114	3,009	15	7	8
2018	동작구	노량진1동	32,802	16,257	16,545	5,198	2,208	2,990	5,189	2,205	2,984	9	3	6
2018	동작구	사당2동	28,742	13,861	14,881	4,754	2,113	2,641	4,745	2,107	2,638	9	6	3
2018	관악구	소계	520,040	260,742	259,298	72,249	32,306	39,943	71,888	32,138	39,750	361	168	193
2018	관악구	보라매동	26,398	12,921	13,477	4,028	1,765	2,263	4,001	1,756	2,245	27	9	18
2018	관악구	청림동	16,527	8,137	8,390	2,568	1,106	1,462	2,564	1,103	1,461	4	3	1
2018	관악구	행운동	30,438	14,776	15,662	3,987	1,767	2,220	3,975	1,762	2,213	12	5	7
2018	관악구	낙성대동	17,780	8,796	8,984	1,902	840	1,062	1,895	837	1,058	7	3	4
2018	관악구	중앙동	15,716	7,530	8,186	2,255	997	1,258	2,243	991	1,252	12	6	6
2018	관악구	인헌동	27,293	13,320	13,973	3,601	1,585	2,016	3,592	1,582	2,010	9	3	6
2018	관악구	남현동	18,998	9,133	9,865	2,467	1,152	1,315	2,463	1,149	1,314	4	3	1
2018	관악구	서원동	23,933	12,182	11,751	3,028	1,382	1,646	3,017	1,379	1,638	11	3	8
2018	관악구	신원동	20,119	10,068	10,051	3,036	1,303	1,733	3,007	1,287	1,720	29	16	13
2018	관악구	서림동	24,881	13,642	11,239	3,210	1,469	1,741	3,207	1,468	1,739	3	1	2
2018	관악구	신사동	26,442	13,332	13,110	3,241	1,461	1,780	3,162	1,420	1,742	79	41	38
2018	관악구	신림동	22,256	11,194	11,062	1,834	845	989	1,799	829	970	35	16	19
2018	관악구	난향동	16,693	8,284	8,409	2,520	1,128	1,392	2,517	1,126	1,391	3	2	1
2018	관악구	조원동	19,824	10,122	9,702	2,521	1,198	1,323	2,489	1,182	1,307	32	16	16
2018	관악구	대학동	24,823	14,695	10,128	2,584	1,183	1,401	2,580	1,182	1,398	4	1	3
2018	관악구	은천동	35,797	17,685	18,112	5,294	2,375	2,919	5,266	2,361	2,905	28	14	14
2018	관악구	성현동	33,033	16,030	17,003	5,247	2,238	3,009	5,242	2,235	3,007	5	3	2
2018	관악구	청룡동	30,242	14,610	15,632	3,652	1,677	1,975	3,625	1,666	1,959	27	11	16
2018	관악구	난곡동	29,484	14,870	14,614	4,840	2,176	2,664	4,828	2,172	2,656	12	4	8
2018	관악구	삼성동	26,068	13,092	12,976	5,346	2,306	3,040	5,340	2,305	3,035	6	1	5
2018	관악구	미성동	33,295	16,323	16,972	5,088	2,353	2,735	5,076	2,346	2,730	12	7	5
2018	서초구	소계	438,163	209,977	228,186	54,751	24,797	29,954	54,663	24,753	29,910	88	44	44
2018	서초구	서초1동	21,574	10,435	11,139	2,713	1,260	1,453	2,708	1,259	1,449	5	1	4
2018	서초구	서초2동	18,506	8,867	9,639	2,022	934	1,088	2,017	932	1,085	5	2	3
2018	서초구	서초3동	30,754	15,087	15,667	4,259	1,988	2,271	4,256	1,986	2,270	3	2	1
2018	서초구	서초4동	31,817	15,423	16,394	3,714	1,775	1,939	3,708	1,770	1,938	6	5	1
2018	서초구	잠원동	34,962	16,639	18,323	3,634	1,595	2,039	3,628	1,593	2,035	6	2	4
2018	서초구	반포본동	12,583	5,954	6,629	1,830	823	1,007	1,828	822	1,006	2	1	1
2018	서초구	반포1동	32,109	15,445	16,664	3,068	1,361	1,707	3,061	1,358	1,703	7	3	4
2018	서초구	반포2동	16,761	8,017	8,744	1,802	769	1,033	1,800	768	1,032	2	1	1
2018	서초구	반포3동	20,434	9,680	10,754	2,345	994	1,351	2,342	992	1,350	3	2	1
2018	서초구	반포4동	20,600	9,777	10,823	2,547	1,164	1,383	2,538	1,159	1,379	9	5	4
2018	서초구	방배본동	21,746	10,109	11,637	2,801	1,232	1,569	2,795	1,229	1,566	6	3	3
2018	서초구	방배1동	17,683	8,303	9,380	2,574	1,178	1,396	2,570	1,175	1,395	4	3	1
2018	서초구	방배2동	22,491	10,663	11,828	3,433	1,589	1,844	3,430	1,587	1,843	3	2	1
2018	서초구	방배3동	22,268	10,728	11,540	3,412	1,588	1,824	3,407	1,587	1,820	5	1	4
2018	서초구	방배4동	24,442	11,275	13,167	3,164	1,430	1,734	3,156	1,426	1,730	8	4	4
2018	서초구	양재1동	46,713	22,368	24,345	5,970	2,591	3,379	5,964	2,587	3,377	6	4	2
2018	서초구	양재2동	24,032	12,073	11,959	2,633	1,194	1,439	2,626	1,191	1,435	7	3	4
2018	서초구	내곡동	18,688	9,134	9,554	2,830	1,332	1,498	2,829	1,332	1,497	1	-	1
2018	강남구	소계	547,453	262,203	285,250	67,085	30,105	36,980	66,957	30,036	36,921	128	69	59
2018	강남구	신사동	17,813	8,310	9,503	2,831	1,263	1,568	2,822	1,257	1,565	9	6	3
2018	강남구	논현1동	24,061	11,131	12,930	2,731	1,226	1,505	2,725	1,225	1,500	6	1	5
2018	강남구	논현2동	22,304	10,451	11,853	2,913	1,316	1,597	2,907	1,312	1,595	6	4	2
2018	강남구	삼성1동	15,252	7,676	7,576	2,014	957	1,057	2,004	952	1,052	10	5	5
2018	강남구	삼성2동	30,492	14,537	15,955	3,145	1,382	1,763	3,140	1,378	1,762	5	4	1
2018	강남구	대치1동	25,590	12,858	12,732	2,199	1,052	1,147	2,192	1,049	1,143	7	3	4
2018	강남구	대치4동	21,265	10,038	11,227	1,856	808	1,048	1,855	808	1,047	1	-	1
2018	강남구	역삼1동	36,861	17,810	19,051	3,400	1,577	1,823	3,383	1,566	1,817	17	11	6
2018	강남구	역삼2동	36,822	17,460	19,362	3,356	1,495	1,861	3,350	1,492	1,858	6	3	3
2018	강남구	도곡1동	22,844	10,758	12,086	2,640	1,247	1,393	2,632	1,243	1,389	8	4	4
2018	강남구	도곡2동	34,704	16,102	18,602	4,194	2,051	2,143	4,186	2,045	2,141	8	6	2
2018	강남구	개포1동	7,800	3,782	4,018	1,535	724	811	1,534	724	810	1	-	1
2018	강남구	개포4동	18,920	9,268	9,652	2,117	951	1,166	2,111	948	1,163	6	3	3
2018	강남구	일원본동	24,781	12,153	12,628	2,498	1,118	1,380	2,498	1,118	1,380	-	-	-
2018	강남구	일원1동	17,136	8,382	8,754	2,882	1,238	1,644	2,871	1,232	1,639	11	6	5
2018	강남구	일원2동	16,593	7,924	8,669	2,681	1,030	1,651	2,681	1,030	1,651	-	-	-
2018	강남구	수서동	16,421	7,554	8,867	3,813	1,458	2,355	3,811	1,457	2,354	2	1	1
2018	강남구	세곡동	45,445	21,701	23,744	5,759	2,549	3,210	5,754	2,547	3,207	5	2	3
2018	강남구	압구정동	28,146	12,950	15,196	4,689	2,089	2,600	4,682	2,086	2,596	7	3	4
2018	강남구	청담동	30,185	14,205	15,980	3,852	1,743	2,109	3,849	1,741	2,108	3	2	1
2018	강남구	대치2동	40,163	20,421	19,742	4,180	1,992	2,188	4,171	1,987	2,184	9	5	4
2018	강남구	개포2동	13,855	6,732	7,123	1,800	839	961	1,799	839	960	1	-	1
2018	송파구	소계	673,507	326,849	346,658	81,364	37,554	43,810	81,211	37,477	43,734	153	77	76
2018	송파구	풍납1동	16,380	8,143	8,237	2,637	1,188	1,449	2,620	1,179	1,441	17	9	8
2018	송파구	풍납2동	25,149	12,015	13,134	3,091	1,419	1,672	3,089	1,419	1,670	2	-	2
2018	송파구	거여1동	13,339	6,803	6,536	2,022	955	1,067	2,021	955	1,066	1	-	1
2018	송파구	거여2동	17,299	8,538	8,761	2,869	1,261	1,608	2,869	1,261	1,608	-	-	-
2018	송파구	마천1동	21,344	10,873	10,471	3,802	1,711	2,091	3,794	1,710	2,084	8	1	7
2018	송파구	마천2동	20,684	10,491	10,193	3,636	1,626	2,010	3,631	1,625	2,006	5	1	4
2018	송파구	방이1동	16,631	8,070	8,561	1,880	903	977	1,874	900	974	6	3	3
2018	송파구	방이2동	25,801	12,415	13,386	3,004	1,400	1,604	2,998	1,399	1,599	6	1	5
2018	송파구	오륜동	19,244	9,419	9,825	2,263	1,115	1,148	2,262	1,114	1,148	1	1	-
2018	송파구	오금동	41,014	20,082	20,932	5,360	2,451	2,909	5,347	2,443	2,904	13	8	5
2018	송파구	송파1동	26,401	12,545	13,856	3,068	1,438	1,630	3,059	1,433	1,626	9	5	4
2018	송파구	송파2동	21,210	10,290	10,920	2,555	1,227	1,328	2,550	1,225	1,325	5	2	3
2018	송파구	석촌동	34,760	16,840	17,920	4,012	1,840	2,172	3,996	1,832	2,164	16	8	8
2018	송파구	삼전동	33,440	15,916	17,524	3,521	1,539	1,982	3,516	1,536	1,980	5	3	2
2018	송파구	가락본동	28,353	14,100	14,253	3,197	1,491	1,706	3,187	1,483	1,704	10	8	2
2018	송파구	가락1동	1,115	540	575	130	48	82	127	46	81	3	2	1
2018	송파구	가락2동	34,455	16,868	17,587	3,577	1,695	1,882	3,572	1,691	1,881	5	4	1
2018	송파구	문정1동	21,731	10,792	10,939	2,549	1,258	1,291	2,542	1,255	1,287	7	3	4
2018	송파구	문정2동	30,140	14,142	15,998	3,364	1,669	1,695	3,363	1,669	1,694	1	-	1
2018	송파구	장지동	34,892	16,959	17,933	4,057	1,740	2,317	4,055	1,738	2,317	2	2	-
2018	송파구	위례동	28,835	14,025	14,810	1,851	792	1,059	1,849	791	1,058	2	1	1
2018	송파구	잠실본동	29,756	14,148	15,608	3,310	1,497	1,813	3,293	1,489	1,804	17	8	9
2018	송파구	잠실4동	30,089	14,521	15,568	3,469	1,607	1,862	3,469	1,607	1,862	-	-	-
2018	송파구	잠실6동	17,461	8,348	9,113	2,371	1,121	1,250	2,369	1,119	1,250	2	2	-
2018	송파구	잠실7동	10,369	4,839	5,530	1,914	919	995	1,912	918	994	2	1	1
2018	송파구	잠실2동	37,069	17,681	19,388	3,061	1,363	1,698	3,056	1,359	1,697	5	4	1
2018	송파구	잠실3동	36,546	17,446	19,100	4,794	2,281	2,513	4,791	2,281	2,510	3	-	3
2018	강동구	소계	431,920	213,853	218,067	58,770	26,797	31,973	58,669	26,753	31,916	101	44	57
2018	강동구	강일동	32,928	15,973	16,955	4,333	1,908	2,425	4,329	1,907	2,422	4	1	3
2018	강동구	상일동	11,138	5,582	5,556	1,484	695	789	1,481	693	788	3	2	1
2018	강동구	명일1동	22,483	11,045	11,438	2,913	1,326	1,587	2,906	1,324	1,582	7	2	5
2018	강동구	명일2동	18,020	8,945	9,075	2,072	1,001	1,071	2,066	999	1,067	6	2	4
2018	강동구	고덕1동	27,469	13,902	13,567	2,492	1,127	1,365	2,488	1,126	1,362	4	1	3
2018	강동구	고덕2동	7,709	4,138	3,571	1,386	641	745	1,385	641	744	1	-	1
2018	강동구	암사2동	14,711	7,169	7,542	1,969	902	1,067	1,967	901	1,066	2	1	1
2018	강동구	암사3동	18,943	9,303	9,640	2,198	1,055	1,143	2,195	1,053	1,142	3	2	1
2018	강동구	천호1동	29,144	14,381	14,763	4,555	2,049	2,506	4,543	2,044	2,499	12	5	7
2018	강동구	천호3동	28,568	14,148	14,420	4,232	1,939	2,293	4,223	1,935	2,288	9	4	5
2018	강동구	성내1동	20,996	10,173	10,823	2,720	1,252	1,468	2,719	1,251	1,468	1	1	-
2018	강동구	성내2동	25,725	12,786	12,939	3,831	1,762	2,069	3,820	1,756	2,064	11	6	5
2018	강동구	성내3동	24,155	11,993	12,162	3,218	1,453	1,765	3,216	1,452	1,764	2	1	1
2018	강동구	둔촌1동	317	150	167	100	38	62	99	37	62	1	1	-
2018	강동구	둔촌2동	28,260	13,969	14,291	3,730	1,728	2,002	3,728	1,727	2,001	2	1	1
2018	강동구	암사1동	37,760	18,780	18,980	5,340	2,339	3,001	5,327	2,334	2,993	13	5	8
2018	강동구	천호2동	36,423	18,282	18,141	5,548	2,523	3,025	5,533	2,515	3,018	15	8	7
2018	강동구	길동	47,171	23,134	24,037	6,649	3,059	3,590	6,644	3,058	3,586	5	1	4