기간	자치구	동	인구	면적	인구밀도
2020	합계	합계	9,911,088	605.23	16,376
2020	종로구	소계	158,996	23.91	6,649
2020	종로구	사직동	9,806	1.23	7,972
2020	종로구	삼청동	2,909	1.49	1,952
2020	종로구	부암동	10,333	2.27	4,552
2020	종로구	평창동	18,582	8.87	2,095
2020	종로구	무악동	8,592	0.36	23,867
2020	종로구	교남동	10,634	0.35	30,383
2020	종로구	가회동	4,418	0.54	8,181
2020	종로구	종로1.2.3.4가동	8,448	2.35	3,595
2020	종로구	종로5·6가동	5,656	0.6	9,427
2020	종로구	이화동	8,111	0.78	10,399
2020	종로구	창신1동	5,964	0.31	19,239
2020	종로구	창신2동	9,503	0.26	36,550
2020	종로구	창신3동	7,107	0.23	30,900
2020	종로구	숭인1동	6,388	0.23	27,774
2020	종로구	숭인2동	10,178	0.35	29,080
2020	종로구	청운효자동	12,633	2.57	4,916
2020	종로구	혜화동	19,734	1.12	17,620
2020	중구	소계	134,635	9.96	13,517
2020	중구	소공동	3,011	0.95	3,169
2020	중구	회현동	5,757	0.84	6,854
2020	중구	명동	3,685	0.99	3,722
2020	중구	필동	4,754	1.14	4,170
2020	중구	장충동	5,468	1.36	4,021
2020	중구	광희동	6,416	0.74	8,670
2020	중구	을지로동	1,967	0.6	3,278
2020	중구	신당5동	10,867	0.39	27,864
2020	중구	황학동	13,531	0.33	41,003
2020	중구	중림동	12,801	0.48	26,669
2020	중구	신당동	9,191	0.55	16,711
2020	중구	다산동	14,725	0.51	28,873
2020	중구	약수동	17,354	0.48	36,154
2020	중구	청구동	14,281	0.34	42,003
2020	중구	동화동	10,827	0.26	41,642
2020	용산구	소계	244,645	21.87	11,188
2020	용산구	후암동	18,202	0.86	21,165
2020	용산구	용산2가동	11,272	1.96	5,751
2020	용산구	남영동	8,116	1.19	6,820
2020	용산구	원효로2동	14,331	0.71	20,185
2020	용산구	효창동	10,326	0.44	23,468
2020	용산구	용문동	12,455	0.28	44,482
2020	용산구	이촌1동	28,961	2.86	10,126
2020	용산구	이촌2동	8,808	1.22	7,220
2020	용산구	이태원1동	8,764	0.57	15,375
2020	용산구	이태원2동	10,795	0.86	12,552
2020	용산구	서빙고동	14,000	2.8	5,000
2020	용산구	보광동	15,531	0.71	21,875
2020	용산구	청파동	20,496	0.91	22,523
2020	용산구	원효로1동	16,730	0.59	28,356
2020	용산구	한강로동	22,097	2.9	7,620
2020	용산구	한남동	23,761	3.01	7,894
2020	성동구	소계	300,505	16.86	17,822
2020	성동구	왕십리2동	17,416	0.41	42,478
2020	성동구	마장동	23,459	1.05	22,342
2020	성동구	사근동	13,512	1.1	12,284
2020	성동구	행당1동	14,363	0.59	24,344
2020	성동구	행당2동	24,151	0.42	57,502
2020	성동구	응봉동	15,824	0.57	27,761
2020	성동구	금호1가동	15,795	0.46	34,337
2020	성동구	금호4가동	14,842	0.84	17,669
2020	성동구	성수1가1동	16,851	1.97	8,554
2020	성동구	성수1가2동	13,738	0.89	15,436
2020	성동구	성수2가1동	17,146	1.17	14,655
2020	성동구	성수2가3동	11,457	1.03	11,123
2020	성동구	송정동	11,143	0.75	14,857
2020	성동구	용답동	12,724	2.31	5,508
2020	성동구	왕십리도선동	27,588	0.72	38,317
2020	성동구	금호2.3가동	23,584	0.64	36,850
2020	성동구	옥수동	26,912	1.94	13,872
2020	광진구	소계	360,109	17.06	21,105
2020	광진구	화양동	25,541	1.16	22,018
2020	광진구	군자동	21,903	0.74	29,599
2020	광진구	중곡1동	16,190	0.62	26,113
2020	광진구	중곡2동	22,285	0.55	40,518
2020	광진구	중곡3동	16,902	0.6	28,170
2020	광진구	중곡4동	29,815	2.32	12,851
2020	광진구	능동	11,913	1.1	10,830
2020	광진구	구의1동	22,700	0.56	40,536
2020	광진구	구의2동	27,444	1.39	19,744
2020	광진구	구의3동	29,588	1.02	29,008
2020	광진구	광장동	35,619	2.39	14,903
2020	광진구	자양1동	23,710	0.57	41,596
2020	광진구	자양2동	26,016	1.68	15,486
2020	광진구	자양3동	28,957	1.2	24,131
2020	광진구	자양4동	21,526	1.16	18,557
2020	동대문구	소계	357,014	14.22	25,114
2020	동대문구	회기동	12,663	0.76	16,662
2020	동대문구	휘경1동	15,362	0.63	24,384
2020	동대문구	휘경2동	24,992	1.05	23,802
2020	동대문구	청량리동	20,432	1.2	17,027
2020	동대문구	용신동	32,602	1.61	20,250
2020	동대문구	제기동	27,017	1.18	22,896
2020	동대문구	전농1동	30,722	1.19	25,817
2020	동대문구	전농2동	19,449	0.86	22,615
2020	동대문구	답십리2동	29,486	0.85	34,689
2020	동대문구	장안1동	39,287	1.25	31,430
2020	동대문구	장안2동	33,339	1.09	30,586
2020	동대문구	이문1동	21,205	1.04	20,389
2020	동대문구	이문2동	20,947	0.69	30,358
2020	동대문구	답십리1동	29,511	0.81	36,433
2020	중랑구	소계	399,562	18.5	21,603
2020	중랑구	면목2동	25,214	0.77	32,745
2020	중랑구	면목4동	19,270	0.87	22,149
2020	중랑구	면목5동	14,661	0.7	20,944
2020	중랑구	면목7동	22,714	1.2	18,928
2020	중랑구	상봉1동	24,912	0.88	28,309
2020	중랑구	상봉2동	20,214	0.65	31,098
2020	중랑구	중화1동	20,400	0.64	31,875
2020	중랑구	중화2동	26,073	1.01	25,815
2020	중랑구	묵1동	35,588	1.2	29,657
2020	중랑구	묵2동	19,672	0.67	29,361
2020	중랑구	망우3동	17,508	0.92	19,030
2020	중랑구	신내1동	39,831	2.56	15,559
2020	중랑구	신내2동	21,302	0.93	22,905
2020	중랑구	면목본동	35,424	0.84	42,171
2020	중랑구	면목3.8동	25,995	1.63	15,948
2020	중랑구	망우본동	30,784	3.03	10,160
2020	성북구	소계	447,056	24.58	18,190
2020	성북구	돈암1동	15,379	0.49	31,386
2020	성북구	돈암2동	24,686	0.48	51,429
2020	성북구	안암동	16,580	1.33	12,466
2020	성북구	보문동	16,123	0.56	28,791
2020	성북구	정릉1동	18,929	0.44	43,020
2020	성북구	정릉2동	23,736	1.17	20,287
2020	성북구	정릉3동	16,847	3.71	4,541
2020	성북구	정릉4동	25,993	3.13	8,304
2020	성북구	길음1동	36,568	0.79	46,289
2020	성북구	길음2동	17,167	0.58	29,598
2020	성북구	월곡1동	27,108	0.81	33,467
2020	성북구	월곡2동	20,396	1.36	14,997
2020	성북구	장위1동	20,449	0.7	29,213
2020	성북구	장위2동	14,106	0.67	21,054
2020	성북구	장위3동	17,359	0.65	26,706
2020	성북구	성북동	17,404	2.86	6,085
2020	성북구	삼선동	24,144	0.92	26,243
2020	성북구	동선동	16,246	0.73	22,255
2020	성북구	종암동	41,353	1.46	28,324
2020	성북구	석관동	36,483	1.73	21,088
2020	강북구	소계	311,569	23.6	13,202
2020	강북구	번1동	19,441	0.66	29,456
2020	강북구	번2동	16,544	0.95	17,415
2020	강북구	번3동	17,605	1.1	16,005
2020	강북구	수유1동	21,468	1.67	12,855
2020	강북구	수유2동	21,595	0.57	37,886
2020	강북구	수유3동	23,907	0.72	33,204
2020	강북구	삼양동	24,742	0.91	27,189
2020	강북구	미아동	22,723	0.93	24,433
2020	강북구	송중동	30,934	1.01	30,628
2020	강북구	송천동	27,871	0.9	30,968
2020	강북구	삼각산동	32,118	0.62	51,803
2020	강북구	우이동	21,076	10.28	2,050
2020	강북구	인수동	31,545	3.28	9,617
2020	도봉구	소계	327,361	20.65	15,852
2020	도봉구	쌍문1동	22,016	1.24	17,755
2020	도봉구	쌍문2동	19,406	0.54	35,937
2020	도봉구	쌍문3동	16,922	0.5	33,844
2020	도봉구	쌍문4동	19,297	0.52	37,110
2020	도봉구	방학1동	29,236	0.69	42,371
2020	도봉구	방학2동	20,473	0.74	27,666
2020	도봉구	방학3동	27,973	2.62	10,677
2020	도봉구	창1동	25,400	0.88	28,864
2020	도봉구	창2동	29,912	1.05	28,488
2020	도봉구	창3동	14,402	0.67	21,496
2020	도봉구	창4동	27,286	0.95	28,722
2020	도봉구	창5동	25,308	0.7	36,154
2020	도봉구	도봉1동	21,810	8.72	2,501
2020	도봉구	도봉2동	27,920	0.83	33,639
2020	노원구	소계	527,032	35.44	14,872
2020	노원구	월계1동	23,085	1.16	19,901
2020	노원구	월계2동	27,615	1.94	14,235
2020	노원구	월계3동	30,790	1.17	26,316
2020	노원구	공릉2동	40,360	6.82	5,918
2020	노원구	하계1동	27,965	1.55	18,042
2020	노원구	하계2동	22,723	0.51	44,555
2020	노원구	중계본동	24,942	1.97	12,661
2020	노원구	중계1동	27,556	0.63	43,740
2020	노원구	중계4동	20,752	1.7	12,207
2020	노원구	상계1동	39,204	5.62	6,976
2020	노원구	상계2동	20,692	0.61	33,921
2020	노원구	상계5동	24,797	0.44	56,357
2020	노원구	상계8동	22,963	0.67	34,273
2020	노원구	상계9동	21,221	0.81	26,199
2020	노원구	상계10동	17,631	0.8	22,039
2020	노원구	상계3.4동	27,184	5.62	4,837
2020	노원구	상계6.7동	33,642	1.11	30,308
2020	노원구	중계2.3동	35,586	0.9	39,540
2020	노원구	공릉1동	38,324	1.41	27,180
2020	은평구	소계	484,043	29.71	16,292
2020	은평구	녹번동	37,815	1.79	21,126
2020	은평구	불광1동	40,022	3.13	12,787
2020	은평구	갈현1동	23,396	0.97	24,120
2020	은평구	갈현2동	29,239	0.96	30,457
2020	은평구	구산동	32,997	1.38	23,911
2020	은평구	대조동	27,579	0.85	32,446
2020	은평구	응암1동	31,265	1.2	26,054
2020	은평구	응암2동	27,776	0.78	35,610
2020	은평구	신사1동	27,776	0.84	33,067
2020	은평구	신사2동	20,945	1	20,945
2020	은평구	증산동	15,487	0.81	19,120
2020	은평구	수색동	11,258	1.29	8,727
2020	은평구	진관동	57,256	11.53	4,966
2020	은평구	불광2동	28,740	1.38	20,826
2020	은평구	응암3동	25,553	0.63	40,560
2020	은평구	역촌동	46,939	1.16	40,465
2020	서대문구	소계	322,952	17.63	18,322
2020	서대문구	천연동	18,049	0.97	18,607
2020	서대문구	홍제1동	24,604	1.23	20,003
2020	서대문구	홍제3동	15,983	1.05	15,222
2020	서대문구	홍제2동	14,334	0.81	17,696
2020	서대문구	홍은1동	23,266	1.58	14,725
2020	서대문구	홍은2동	27,734	2.06	13,463
2020	서대문구	남가좌1동	16,141	0.51	31,649
2020	서대문구	남가좌2동	30,996	0.77	40,255
2020	서대문구	북가좌1동	18,557	0.55	33,740
2020	서대문구	북가좌2동	32,947	0.84	39,223
2020	서대문구	충현동	21,229	1.12	18,954
2020	서대문구	북아현동	16,956	0.46	36,861
2020	서대문구	신촌동	23,051	2.63	8,765
2020	서대문구	연희동	39,105	3.05	12,821
2020	마포구	소계	381,858	23.85	16,011
2020	마포구	용강동	22,257	0.84	26,496
2020	마포구	대흥동	15,863	0.87	18,233
2020	마포구	염리동	12,864	0.44	29,236
2020	마포구	신수동	23,606	0.78	30,264
2020	마포구	서교동	26,981	1.65	16,352
2020	마포구	합정동	18,576	1.72	10,800
2020	마포구	망원1동	21,113	1.13	18,684
2020	마포구	망원2동	19,216	0.67	28,681
2020	마포구	연남동	16,682	0.64	26,066
2020	마포구	성산1동	19,679	0.8	24,599
2020	마포구	성산2동	40,669	2.07	19,647
2020	마포구	상암동	31,997	8.4	3,809
2020	마포구	도화동	21,998	0.62	35,481
2020	마포구	서강동	25,386	1.45	17,508
2020	마포구	공덕동	38,750	1.01	38,366
2020	마포구	아현동	26,221	0.76	34,501
2020	양천구	소계	457,781	17.41	26,301
2020	양천구	목1동	31,727	1.41	22,501
2020	양천구	목2동	30,705	1.03	29,811
2020	양천구	목3동	22,643	0.53	42,723
2020	양천구	목4동	26,190	0.57	45,947
2020	양천구	신월1동	21,246	0.65	32,686
2020	양천구	신월2동	21,520	0.61	35,279
2020	양천구	신월3동	15,965	0.87	18,351
2020	양천구	신월4동	18,487	0.52	35,552
2020	양천구	신월5동	15,189	0.69	22,013
2020	양천구	신월6동	13,798	0.41	33,654
2020	양천구	신월7동	20,651	1.19	17,354
2020	양천구	신정1동	21,074	0.7	30,106
2020	양천구	신정2동	20,207	0.52	38,860
2020	양천구	신정3동	46,787	2.72	17,201
2020	양천구	신정6동	25,038	0.96	26,081
2020	양천구	신정7동	30,075	1.21	24,855
2020	양천구	목5동	42,288	1.81	23,364
2020	양천구	신정4동	34,191	1.01	33,852
2020	강서구	소계	585,901	41.44	14,140
2020	강서구	염창동	42,017	1.74	24,148
2020	강서구	등촌1동	24,338	0.64	38,028
2020	강서구	등촌2동	21,216	0.92	23,061
2020	강서구	등촌3동	31,660	0.79	40,076
2020	강서구	화곡본동	34,981	0.98	35,695
2020	강서구	화곡2동	18,727	0.45	41,616
2020	강서구	화곡3동	21,938	0.53	41,392
2020	강서구	화곡4동	21,413	0.82	26,113
2020	강서구	화곡6동	25,133	1.11	22,642
2020	강서구	화곡8동	25,674	0.53	48,442
2020	강서구	가양1동	34,540	4.7	7,349
2020	강서구	가양2동	14,588	1	14,588
2020	강서구	가양3동	15,583	0.5	31,166
2020	강서구	발산1동	37,530	2.94	12,765
2020	강서구	공항동	27,627	10.87	2,542
2020	강서구	방화1동	44,550	1.48	30,101
2020	강서구	방화2동	23,442	6.41	3,657
2020	강서구	방화3동	23,577	2.55	9,246
2020	강서구	화곡1동	53,380	1.12	47,661
2020	강서구	우장산동	43,987	1.36	32,343
2020	구로구	소계	432,488	20.12	21,496
2020	구로구	신도림동	36,494	1.47	24,826
2020	구로구	구로1동	21,632	1.02	21,208
2020	구로구	구로3동	25,722	1.02	25,218
2020	구로구	구로4동	25,031	0.46	54,415
2020	구로구	구로5동	32,339	1.03	31,397
2020	구로구	고척1동	23,547	1.16	20,299
2020	구로구	고척2동	27,853	1.02	27,307
2020	구로구	개봉2동	32,218	0.8	40,273
2020	구로구	개봉3동	21,284	0.81	26,277
2020	구로구	오류1동	23,360	0.59	39,593
2020	구로구	수궁동	24,297	2.67	9,100
2020	구로구	가리봉동	14,263	0.4	35,658
2020	구로구	구로2동	33,050	1.76	18,778
2020	구로구	개봉1동	35,239	1.31	26,900
2020	구로구	오류2동	39,755	3.2	12,423
2020	구로구	항동	16,404	1.4	11,717
2020	금천구	소계	247,835	13.02	19,035
2020	금천구	가산동	25,973	2.52	10,307
2020	금천구	독산1동	44,191	2.09	21,144
2020	금천구	독산2동	20,666	0.6	34,443
2020	금천구	독산3동	28,535	0.92	31,016
2020	금천구	독산4동	17,464	0.59	29,600
2020	금천구	시흥1동	35,781	1.71	20,925
2020	금천구	시흥2동	22,092	1.26	17,533
2020	금천구	시흥3동	11,285	1.07	10,547
2020	금천구	시흥4동	21,520	0.87	24,736
2020	금천구	시흥5동	20,328	1.39	14,624
2020	영등포구	소계	407,367	24.55	16,595
2020	영등포구	여의동	34,463	8.4	4,103
2020	영등포구	당산1동	21,197	0.75	28,263
2020	영등포구	당산2동	38,011	1.55	24,523
2020	영등포구	양평1동	17,702	0.88	20,116
2020	영등포구	양평2동	22,603	3	7,534
2020	영등포구	신길1동	19,167	0.66	29,041
2020	영등포구	신길3동	18,086	0.52	34,781
2020	영등포구	신길4동	12,974	0.38	34,142
2020	영등포구	신길5동	12,496	0.47	26,587
2020	영등포구	신길6동	19,071	0.65	29,340
2020	영등포구	신길7동	20,494	0.64	32,022
2020	영등포구	대림1동	17,751	0.49	36,227
2020	영등포구	대림2동	19,776	0.55	35,956
2020	영등포구	대림3동	26,973	0.95	28,393
2020	영등포구	영등포본동	23,790	1.02	23,324
2020	영등포구	영등포동	28,749	1.26	22,817
2020	영등포구	도림동	20,665	0.89	23,219
2020	영등포구	문래동	33,399	1.49	22,415
2020	동작구	소계	401,572	16.35	24,555
2020	동작구	노량진2동	13,512	0.64	21,113
2020	동작구	상도1동	46,840	1.51	31,020
2020	동작구	상도2동	28,162	0.98	28,737
2020	동작구	상도3동	25,416	0.6	42,360
2020	동작구	상도4동	29,306	0.75	39,075
2020	동작구	사당1동	23,632	0.79	29,914
2020	동작구	사당3동	25,244	0.92	27,439
2020	동작구	사당4동	14,599	0.38	38,418
2020	동작구	사당5동	14,811	0.57	25,984
2020	동작구	대방동	39,172	1.55	25,272
2020	동작구	신대방1동	25,823	0.62	41,650
2020	동작구	신대방2동	20,466	1.03	19,870
2020	동작구	흑석동	34,544	1.68	20,562
2020	동작구	노량진1동	32,387	1.58	20,498
2020	동작구	사당2동	27,658	2.75	10,057
2020	관악구	소계	509,803	29.57	17,241
2020	관악구	보라매동	25,278	0.76	33,261
2020	관악구	청림동	15,711	0.3	52,370
2020	관악구	행운동	29,799	0.72	41,388
2020	관악구	낙성대동	17,579	2.27	7,744
2020	관악구	중앙동	15,758	0.39	40,405
2020	관악구	인헌동	26,500	1.08	24,537
2020	관악구	남현동	18,598	3.27	5,687
2020	관악구	서원동	23,565	0.65	36,254
2020	관악구	신원동	19,290	0.55	35,073
2020	관악구	서림동	24,410	0.99	24,657
2020	관악구	신사동	25,426	0.64	39,728
2020	관악구	신림동	22,667	0.54	41,976
2020	관악구	난향동	15,915	0.8	19,894
2020	관악구	조원동	19,232	0.67	28,704
2020	관악구	대학동	24,907	8.3	3,001
2020	관악구	은천동	34,595	0.78	44,353
2020	관악구	성현동	30,472	0.68	44,812
2020	관악구	청룡동	36,325	1.18	30,784
2020	관악구	난곡동	28,054	0.96	29,223
2020	관악구	삼성동	23,935	2.66	8,998
2020	관악구	미성동	31,787	1.38	23,034
2020	서초구	소계	429,025	46.98	9,132
2020	서초구	서초1동	21,187	1.42	14,920
2020	서초구	서초2동	21,731	1.24	17,525
2020	서초구	서초3동	32,307	2.93	11,026
2020	서초구	서초4동	31,718	0.88	36,043
2020	서초구	잠원동	28,532	1.76	16,211
2020	서초구	반포본동	11,991	1.01	11,872
2020	서초구	반포1동	32,630	1	32,630
2020	서초구	반포2동	16,240	1.35	12,030
2020	서초구	반포3동	22,412	1.28	17,509
2020	서초구	반포4동	19,977	1.43	13,970
2020	서초구	방배본동	21,293	0.67	31,781
2020	서초구	방배1동	17,381	0.7	24,830
2020	서초구	방배2동	20,404	1.93	10,572
2020	서초구	방배3동	21,441	2.4	8,934
2020	서초구	방배4동	24,036	0.98	24,527
2020	서초구	양재1동	44,890	5.76	7,793
2020	서초구	양재2동	22,709	7.58	2,996
2020	서초구	내곡동	18,146	12.68	1,431
2020	강남구	소계	544,055	39.5	13,773
2020	강남구	신사동	16,914	1.89	8,949
2020	강남구	논현1동	23,734	1.25	18,987
2020	강남구	논현2동	21,997	1.47	14,964
2020	강남구	삼성1동	13,600	1.94	7,010
2020	강남구	삼성2동	30,368	1.24	24,490
2020	강남구	대치1동	24,922	0.79	31,547
2020	강남구	대치4동	20,744	0.73	28,416
2020	강남구	역삼1동	36,771	2.35	15,647
2020	강남구	역삼2동	37,291	1.15	32,427
2020	강남구	도곡1동	22,227	1.02	21,791
2020	강남구	도곡2동	34,042	1.02	33,375
2020	강남구	개포1동	6,670	1.27	5,252
2020	강남구	개포4동	22,765	1.49	15,279
2020	강남구	일원본동	23,945	2.58	9,281
2020	강남구	일원1동	15,827	0.92	17,203
2020	강남구	일원2동	17,709	1.24	14,281
2020	강남구	수서동	15,299	1.43	10,699
2020	강남구	세곡동	44,475	6.36	6,993
2020	강남구	압구정동	27,440	2.53	10,846
2020	강남구	청담동	27,266	2.33	11,702
2020	강남구	대치2동	37,752	2	18,876
2020	강남구	개포2동	22,297	2.51	8,883
2020	송파구	소계	673,926	33.87	19,896
2020	송파구	풍납1동	14,585	0.77	18,942
2020	송파구	풍납2동	25,703	1.59	16,165
2020	송파구	거여1동	13,077	0.51	25,641
2020	송파구	거여2동	19,330	0.53	36,472
2020	송파구	마천1동	19,909	0.58	34,326
2020	송파구	마천2동	19,719	0.89	22,156
2020	송파구	방이1동	16,298	0.5	32,596
2020	송파구	방이2동	26,675	0.8	33,344
2020	송파구	오륜동	18,495	3.17	5,834
2020	송파구	오금동	39,668	1.65	24,041
2020	송파구	송파1동	25,190	0.79	31,886
2020	송파구	송파2동	20,800	0.53	39,245
2020	송파구	석촌동	33,166	0.95	34,912
2020	송파구	삼전동	31,839	0.95	33,515
2020	송파구	가락본동	27,368	1.13	24,219
2020	송파구	가락1동	27,876	1.34	20,803
2020	송파구	가락2동	33,204	0.96	34,588
2020	송파구	문정1동	20,868	0.56	37,264
2020	송파구	문정2동	29,547	2.2	13,430
2020	송파구	잠실본동	29,093	0.94	30,950
2020	송파구	잠실4동	21,798	1.56	13,973
2020	송파구	잠실6동	17,366	2.79	6,224
2020	송파구	잠실7동	9,903	0.6	16,505
2020	송파구	잠실2동	36,216	2.18	16,613
2020	송파구	잠실3동	35,497	1.49	23,823
2020	송파구	장지동	30,370	1.37	22,168
2020	송파구	위례동	30,366	2.55	11,908
2020	강동구	소계	463,998	24.59	18,869
2020	강동구	강일동	35,778	2.8	12,778
2020	강동구	상일동	33,345	2.65	12,583
2020	강동구	명일1동	26,377	0.61	43,241
2020	강동구	명일2동	17,555	0.97	18,098
2020	강동구	고덕1동	26,103	1.73	15,088
2020	강동구	고덕2동	22,568	2.01	11,228
2020	강동구	암사2동	15,507	1.18	13,142
2020	강동구	암사3동	18,420	2.51	7,339
2020	강동구	천호1동	27,745	0.71	39,077
2020	강동구	천호3동	27,085	0.79	34,285
2020	강동구	성내1동	20,353	0.58	35,091
2020	강동구	성내2동	24,948	0.67	37,236
2020	강동구	성내3동	23,692	0.71	33,369
2020	강동구	둔촌1동	262	0.92	285
2020	강동구	둔촌2동	26,413	0.98	26,952
2020	강동구	암사1동	35,728	1.02	35,027
2020	강동구	천호2동	35,251	1.57	22,453
2020	강동구	길동	46,868	2.17	21,598