기간	자치구	동	전체인구	전체인구	전체인구	65세이상 인구	65세이상 인구	65세이상 인구	65세이상 인구	65세이상 인구	65세이상 인구	65세이상 인구	65세이상 인구	65세이상 인구
기간	자치구	동	전체인구	전체인구	전체인구	합계	합계	합계	내국인	내국인	내국인	외국인	외국인	외국인
기간	자치구	동	계	남자	여자	계	남자	여자	계	남자	여자	계	남자	여자
2017	합계	합계	10,124,579	4,957,857	5,166,722	1,365,126	602,107	763,019	1,359,901	599,378	760,523	5,225	2,729	2,496
2017	종로구	소계	164,257	80,094	84,163	26,182	11,441	14,741	26,030	11,356	14,674	152	85	67
2017	종로구	사직동	9,717	4,467	5,250	1,708	734	974	1,698	729	969	10	5	5
2017	종로구	삼청동	3,097	1,459	1,638	634	274	360	625	267	358	9	7	2
2017	종로구	부암동	10,726	5,160	5,566	1,748	781	967	1,746	780	966	2	1	1
2017	종로구	평창동	19,163	9,032	10,131	3,037	1,289	1,748	3,028	1,282	1,746	9	7	2
2017	종로구	무악동	8,375	3,921	4,454	1,279	530	749	1,279	530	749	-	-	-
2017	종로구	교남동	10,363	4,850	5,513	1,406	559	847	1,401	556	845	5	3	2
2017	종로구	가회동	4,657	2,194	2,463	900	373	527	890	366	524	10	7	3
2017	종로구	종로1.2.3.4가동	8,592	5,045	3,547	1,865	1,012	853	1,835	994	841	30	18	12
2017	종로구	종로5·6가동	5,690	3,096	2,594	1,089	507	582	1,087	507	580	2	-	2
2017	종로구	이화동	8,752	4,075	4,677	1,302	531	771	1,299	530	769	3	1	2
2017	종로구	창신1동	6,285	3,390	2,895	1,126	548	578	1,117	544	573	9	4	5
2017	종로구	창신2동	10,274	5,159	5,115	1,635	705	930	1,615	696	919	20	9	11
2017	종로구	창신3동	7,526	3,721	3,805	1,096	486	610	1,093	484	609	3	2	1
2017	종로구	숭인1동	6,865	3,405	3,460	1,088	464	624	1,085	463	622	3	1	2
2017	종로구	숭인2동	10,140	5,154	4,986	1,584	758	826	1,577	754	823	7	4	3
2017	종로구	청운효자동	13,606	6,465	7,141	2,142	865	1,277	2,117	851	1,266	25	14	11
2017	종로구	혜화동	20,429	9,501	10,928	2,543	1,025	1,518	2,538	1,023	1,515	5	2	3
2017	중구	소계	134,593	66,337	68,256	21,384	9,332	12,052	21,148	9,206	11,942	236	126	110
2017	중구	소공동	2,787	1,470	1,317	257	128	129	231	111	120	26	17	9
2017	중구	회현동	5,953	3,261	2,692	1,369	699	670	1,311	670	641	58	29	29
2017	중구	명동	3,469	1,523	1,946	662	238	424	642	227	415	20	11	9
2017	중구	필동	4,885	2,425	2,460	780	337	443	776	336	440	4	1	3
2017	중구	장충동	5,648	2,755	2,893	756	326	430	750	325	425	6	1	5
2017	중구	광희동	5,875	3,038	2,837	1,103	525	578	1,087	516	571	16	9	7
2017	중구	을지로동	1,786	1,110	676	446	261	185	437	256	181	9	5	4
2017	중구	신당5동	9,830	4,891	4,939	1,486	618	868	1,476	612	864	10	6	4
2017	중구	황학동	13,095	6,433	6,662	1,760	809	951	1,745	801	944	15	8	7
2017	중구	중림동	11,575	5,827	5,748	1,730	764	966	1,716	757	959	14	7	7
2017	중구	신당동	9,544	4,717	4,827	1,274	579	695	1,235	557	678	39	22	17
2017	중구	다산동	15,399	7,453	7,946	2,392	1,032	1,360	2,385	1,027	1,358	7	5	2
2017	중구	약수동	18,400	8,792	9,608	3,329	1,373	1,956	3,322	1,370	1,952	7	3	4
2017	중구	청구동	14,999	7,170	7,829	2,412	947	1,465	2,411	946	1,465	1	1	-
2017	중구	동화동	11,348	5,472	5,876	1,628	696	932	1,624	695	929	4	1	3
2017	용산구	소계	244,444	119,423	125,021	36,882	15,489	21,393	36,488	15,245	21,243	394	244	150
2017	용산구	후암동	18,846	9,229	9,617	2,910	1,173	1,737	2,891	1,161	1,730	19	12	7
2017	용산구	용산2가동	12,355	6,046	6,309	1,985	837	1,148	1,966	823	1,143	19	14	5
2017	용산구	남영동	8,585	5,217	3,368	1,504	863	641	1,490	854	636	14	9	5
2017	용산구	원효로2동	15,233	7,118	8,115	2,241	922	1,319	2,236	921	1,315	5	1	4
2017	용산구	효창동	9,594	4,602	4,992	1,401	590	811	1,398	589	809	3	1	2
2017	용산구	용문동	12,759	6,150	6,609	1,903	791	1,112	1,900	788	1,112	3	3	-
2017	용산구	이촌1동	28,960	13,553	15,407	4,142	1,689	2,453	4,102	1,661	2,441	40	28	12
2017	용산구	이촌2동	9,229	4,358	4,871	1,676	663	1,013	1,673	662	1,011	3	1	2
2017	용산구	이태원1동	8,791	4,490	4,301	1,480	559	921	1,442	538	904	38	21	17
2017	용산구	이태원2동	11,014	5,273	5,741	1,842	746	1,096	1,805	724	1,081	37	22	15
2017	용산구	서빙고동	14,274	6,909	7,365	1,994	802	1,192	1,972	783	1,189	22	19	3
2017	용산구	보광동	16,541	8,273	8,268	2,633	1,056	1,577	2,614	1,046	1,568	19	10	9
2017	용산구	청파동	21,233	10,067	11,166	3,181	1,308	1,873	3,162	1,300	1,862	19	8	11
2017	용산구	원효로1동	15,266	7,431	7,835	1,737	779	958	1,712	763	949	25	16	9
2017	용산구	한강로동	18,059	8,900	9,159	2,883	1,290	1,593	2,817	1,247	1,570	66	43	23
2017	용산구	한남동	23,705	11,807	11,898	3,370	1,421	1,949	3,308	1,385	1,923	62	36	26
2017	성동구	소계	312,711	154,077	158,634	41,273	17,972	23,301	41,152	17,900	23,252	121	72	49
2017	성동구	왕십리2동	18,185	8,919	9,266	2,331	1,014	1,317	2,327	1,011	1,316	4	3	1
2017	성동구	마장동	24,193	11,921	12,272	3,387	1,524	1,863	3,378	1,519	1,859	9	5	4
2017	성동구	사근동	12,812	6,452	6,360	1,409	621	788	1,403	617	786	6	4	2
2017	성동구	행당1동	14,387	7,058	7,329	2,060	889	1,171	2,058	888	1,170	2	1	1
2017	성동구	행당2동	25,423	11,997	13,426	3,302	1,385	1,917	3,299	1,384	1,915	3	1	2
2017	성동구	응봉동	16,696	7,937	8,759	2,304	984	1,320	2,303	984	1,319	1	-	1
2017	성동구	금호1가동	13,191	6,386	6,805	2,033	850	1,183	2,027	846	1,181	6	4	2
2017	성동구	금호4가동	14,452	6,963	7,489	2,009	824	1,185	2,008	824	1,184	1	-	1
2017	성동구	성수1가1동	17,676	8,926	8,750	1,963	866	1,097	1,952	859	1,093	11	7	4
2017	성동구	성수1가2동	16,413	8,237	8,176	2,012	911	1,101	2,004	909	1,095	8	2	6
2017	성동구	성수2가1동	18,783	9,759	9,024	2,549	1,166	1,383	2,536	1,157	1,379	13	9	4
2017	성동구	성수2가3동	12,056	6,266	5,790	1,638	775	863	1,629	769	860	9	6	3
2017	성동구	송정동	11,987	6,369	5,618	1,564	725	839	1,549	715	834	15	10	5
2017	성동구	용답동	16,687	8,790	7,897	2,425	1,086	1,339	2,413	1,080	1,333	12	6	6
2017	성동구	왕십리도선동	27,582	13,237	14,345	3,190	1,353	1,837	3,186	1,352	1,834	4	1	3
2017	성동구	금호2.3가동	24,735	11,892	12,843	3,584	1,486	2,098	3,583	1,486	2,097	1	-	1
2017	성동구	옥수동	27,453	12,968	14,485	3,513	1,513	2,000	3,497	1,500	1,997	16	13	3
2017	광진구	소계	372,298	180,645	191,653	43,953	19,565	24,388	43,790	19,479	24,311	163	86	77
2017	광진구	화양동	24,610	11,392	13,218	2,174	971	1,203	2,162	964	1,198	12	7	5
2017	광진구	군자동	21,980	10,829	11,151	2,594	1,170	1,424	2,587	1,167	1,420	7	3	4
2017	광진구	중곡1동	16,359	8,043	8,316	2,178	1,000	1,178	2,156	982	1,174	22	18	4
2017	광진구	중곡2동	22,808	11,082	11,726	2,775	1,247	1,528	2,773	1,247	1,526	2	-	2
2017	광진구	중곡3동	17,992	8,921	9,071	2,432	1,076	1,356	2,429	1,075	1,354	3	1	2
2017	광진구	중곡4동	31,618	15,573	16,045	4,220	1,870	2,350	4,216	1,870	2,346	4	-	4
2017	광진구	능동	11,838	5,519	6,319	1,395	628	767	1,392	626	766	3	2	1
2017	광진구	구의1동	23,396	11,209	12,187	2,802	1,227	1,575	2,790	1,223	1,567	12	4	8
2017	광진구	구의2동	25,936	12,624	13,312	3,531	1,573	1,958	3,527	1,570	1,957	4	3	1
2017	광진구	구의3동	30,483	14,581	15,902	3,412	1,513	1,899	3,408	1,511	1,897	4	2	2
2017	광진구	광장동	36,589	17,796	18,793	3,237	1,425	1,812	3,231	1,422	1,809	6	3	3
2017	광진구	자양1동	24,450	11,896	12,554	2,950	1,276	1,674	2,926	1,263	1,663	24	13	11
2017	광진구	자양2동	27,727	13,605	14,122	3,311	1,503	1,808	3,308	1,503	1,805	3	-	3
2017	광진구	자양3동	30,517	14,710	15,807	3,396	1,507	1,889	3,390	1,504	1,886	6	3	3
2017	광진구	자양4동	25,995	12,865	13,130	3,546	1,579	1,967	3,495	1,552	1,943	51	27	24
2017	동대문구	소계	366,011	181,185	184,826	55,718	24,655	31,063	55,547	24,574	30,973	171	81	90
2017	동대문구	회기동	12,521	5,746	6,775	1,417	588	829	1,406	581	825	11	7	4
2017	동대문구	휘경1동	14,589	7,111	7,478	2,134	945	1,189	2,124	942	1,182	10	3	7
2017	동대문구	휘경2동	25,205	12,373	12,832	3,360	1,480	1,880	3,357	1,478	1,879	3	2	1
2017	동대문구	청량리동	23,063	11,555	11,508	4,900	2,135	2,765	4,880	2,126	2,754	20	9	11
2017	동대문구	용신동	32,957	16,957	16,000	5,393	2,492	2,901	5,365	2,480	2,885	28	12	16
2017	동대문구	제기동	27,770	13,898	13,872	5,105	2,248	2,857	5,089	2,239	2,850	16	9	7
2017	동대문구	전농1동	29,916	15,115	14,801	4,983	2,220	2,763	4,961	2,209	2,752	22	11	11
2017	동대문구	전농2동	20,436	9,833	10,603	3,138	1,388	1,750	3,136	1,387	1,749	2	1	1
2017	동대문구	답십리1동	25,166	12,303	12,863	3,325	1,424	1,901	3,320	1,423	1,897	5	1	4
2017	동대문구	답십리2동	29,722	14,616	15,106	4,761	2,075	2,686	4,752	2,071	2,681	9	4	5
2017	동대문구	장안1동	39,593	19,780	19,813	5,282	2,456	2,826	5,264	2,450	2,814	18	6	12
2017	동대문구	장안2동	31,447	15,836	15,611	4,106	1,869	2,237	4,102	1,867	2,235	4	2	2
2017	동대문구	이문1동	31,172	15,058	16,114	4,431	1,859	2,572	4,414	1,850	2,564	17	9	8
2017	동대문구	이문2동	22,454	11,004	11,450	3,383	1,476	1,907	3,377	1,471	1,906	6	5	1
2017	중랑구	소계	412,780	205,125	207,655	59,262	26,316	32,946	59,189	26,280	32,909	73	36	37
2017	중랑구	면목2동	27,057	13,570	13,487	3,815	1,687	2,128	3,812	1,684	2,128	3	3	-
2017	중랑구	면목4동	21,098	10,481	10,617	3,279	1,394	1,885	3,274	1,390	1,884	5	4	1
2017	중랑구	면목5동	10,487	5,356	5,131	1,521	704	817	1,517	702	815	4	2	2
2017	중랑구	면목7동	22,707	11,290	11,417	3,583	1,592	1,991	3,581	1,590	1,991	2	2	-
2017	중랑구	상봉1동	25,960	12,670	13,290	3,186	1,361	1,825	3,182	1,359	1,823	4	2	2
2017	중랑구	상봉2동	18,645	9,226	9,419	2,557	1,176	1,381	2,550	1,172	1,378	7	4	3
2017	중랑구	중화1동	21,179	10,456	10,723	2,913	1,289	1,624	2,909	1,287	1,622	4	2	2
2017	중랑구	중화2동	28,723	14,790	13,933	4,524	2,039	2,485	4,508	2,035	2,473	16	4	12
2017	중랑구	묵1동	36,269	17,758	18,511	4,887	2,221	2,666	4,885	2,220	2,665	2	1	1
2017	중랑구	묵2동	20,443	10,111	10,332	2,871	1,305	1,566	2,865	1,303	1,562	6	2	4
2017	중랑구	망우3동	18,757	9,390	9,367	2,864	1,293	1,571	2,862	1,292	1,570	2	1	1
2017	중랑구	신내1동	41,561	20,393	21,168	5,538	2,433	3,105	5,534	2,429	3,105	4	4	-
2017	중랑구	신내2동	23,018	11,137	11,881	3,256	1,367	1,889	3,256	1,367	1,889	-	-	-
2017	중랑구	면목본동	36,780	18,305	18,475	5,212	2,303	2,909	5,209	2,303	2,906	3	-	3
2017	중랑구	면목3.8동	27,685	13,874	13,811	4,271	1,903	2,368	4,267	1,900	2,367	4	3	1
2017	중랑구	망우본동	32,411	16,318	16,093	4,985	2,249	2,736	4,978	2,247	2,731	7	2	5
2017	성북구	소계	455,407	221,103	234,304	66,251	28,574	37,677	66,121	28,511	37,610	130	63	67
2017	성북구	돈암1동	16,745	7,890	8,855	2,509	1,064	1,445	2,509	1,064	1,445	-	-	-
2017	성북구	돈암2동	25,269	12,100	13,169	2,971	1,255	1,716	2,968	1,255	1,713	3	-	3
2017	성북구	안암동	17,387	8,508	8,879	2,012	846	1,166	2,007	844	1,163	5	2	3
2017	성북구	보문동	17,260	8,372	8,888	2,272	970	1,302	2,265	966	1,299	7	4	3
2017	성북구	정릉1동	18,901	9,042	9,859	2,706	1,158	1,548	2,702	1,157	1,545	4	1	3
2017	성북구	정릉2동	24,495	12,016	12,479	3,922	1,713	2,209	3,915	1,710	2,205	7	3	4
2017	성북구	정릉3동	17,366	8,712	8,654	2,981	1,252	1,729	2,980	1,252	1,728	1	-	1
2017	성북구	정릉4동	27,423	13,317	14,106	4,247	1,880	2,367	4,242	1,878	2,364	5	2	3
2017	성북구	길음1동	37,797	18,068	19,729	4,113	1,724	2,389	4,106	1,720	2,386	7	4	3
2017	성북구	길음2동	12,345	6,023	6,322	1,927	857	1,070	1,924	854	1,070	3	3	-
2017	성북구	월곡1동	28,161	13,678	14,483	4,137	1,783	2,354	4,134	1,782	2,352	3	1	2
2017	성북구	월곡2동	20,823	10,148	10,675	3,140	1,390	1,750	3,135	1,389	1,746	5	1	4
2017	성북구	장위1동	21,336	10,569	10,767	3,319	1,437	1,882	3,314	1,436	1,878	5	1	4
2017	성북구	장위2동	18,517	9,276	9,241	3,464	1,521	1,943	3,456	1,519	1,937	8	2	6
2017	성북구	장위3동	12,336	6,250	6,086	1,972	933	1,039	1,971	933	1,038	1	-	1
2017	성북구	성북동	17,996	8,530	9,466	2,913	1,238	1,675	2,897	1,230	1,667	16	8	8
2017	성북구	삼선동	27,082	13,130	13,952	3,922	1,629	2,293	3,914	1,624	2,290	8	5	3
2017	성북구	동선동	16,614	7,129	9,485	2,114	887	1,227	2,096	874	1,222	18	13	5
2017	성북구	종암동	42,926	21,086	21,840	5,904	2,472	3,432	5,898	2,468	3,430	6	4	2
2017	성북구	석관동	34,628	17,259	17,369	5,706	2,565	3,141	5,688	2,556	3,132	18	9	9
2017	강북구	소계	328,002	160,252	167,750	56,530	24,311	32,219	56,437	24,268	32,169	93	43	50
2017	강북구	번1동	19,912	9,848	10,064	3,251	1,440	1,811	3,242	1,435	1,807	9	5	4
2017	강북구	번2동	17,937	8,718	9,219	3,552	1,424	2,128	3,547	1,423	2,124	5	1	4
2017	강북구	번3동	19,314	9,196	10,118	4,271	1,688	2,583	4,269	1,688	2,581	2	-	2
2017	강북구	수유1동	22,471	11,101	11,370	3,900	1,713	2,187	3,896	1,711	2,185	4	2	2
2017	강북구	수유2동	22,512	10,913	11,599	4,115	1,739	2,376	4,111	1,737	2,374	4	2	2
2017	강북구	수유3동	24,223	12,082	12,141	4,011	1,808	2,203	4,006	1,806	2,200	5	2	3
2017	강북구	삼양동	29,079	14,458	14,621	4,826	2,115	2,711	4,823	2,112	2,711	3	3	-
2017	강북구	미아동	23,431	11,263	12,168	3,860	1,673	2,187	3,842	1,666	2,176	18	7	11
2017	강북구	송중동	30,293	14,606	15,687	5,204	2,260	2,944	5,192	2,254	2,938	12	6	6
2017	강북구	송천동	29,970	14,936	15,034	5,442	2,379	3,063	5,433	2,374	3,059	9	5	4
2017	강북구	삼각산동	33,834	16,325	17,509	3,807	1,544	2,263	3,803	1,542	2,261	4	2	2
2017	강북구	우이동	21,897	10,680	11,217	4,180	1,840	2,340	4,172	1,834	2,338	8	6	2
2017	강북구	인수동	33,129	16,126	17,003	6,111	2,688	3,423	6,101	2,686	3,415	10	2	8
2017	도봉구	소계	346,234	169,553	176,681	53,488	23,688	29,800	53,445	23,666	29,779	43	22	21
2017	도봉구	쌍문1동	22,326	10,858	11,468	3,756	1,658	2,098	3,753	1,657	2,096	3	1	2
2017	도봉구	쌍문2동	20,627	10,047	10,580	3,282	1,391	1,891	3,280	1,390	1,890	2	1	1
2017	도봉구	쌍문3동	17,482	8,489	8,993	3,014	1,351	1,663	3,011	1,349	1,662	3	2	1
2017	도봉구	쌍문4동	20,480	9,803	10,677	2,482	1,091	1,391	2,477	1,088	1,389	5	3	2
2017	도봉구	방학1동	30,730	15,187	15,543	4,771	2,182	2,589	4,767	2,180	2,587	4	2	2
2017	도봉구	방학2동	22,304	11,288	11,016	3,736	1,645	2,091	3,732	1,644	2,088	4	1	3
2017	도봉구	방학3동	29,784	14,562	15,222	3,947	1,699	2,248	3,947	1,699	2,248	-	-	-
2017	도봉구	창1동	27,347	13,103	14,244	3,874	1,642	2,232	3,870	1,640	2,230	4	2	2
2017	도봉구	창2동	31,758	15,599	16,159	4,356	1,951	2,405	4,354	1,950	2,404	2	1	1
2017	도봉구	창3동	15,338	7,644	7,694	2,611	1,129	1,482	2,610	1,128	1,482	1	1	-
2017	도봉구	창4동	28,899	13,978	14,921	3,626	1,565	2,061	3,621	1,562	2,059	5	3	2
2017	도봉구	창5동	26,457	12,782	13,675	3,626	1,603	2,023	3,623	1,602	2,021	3	1	2
2017	도봉구	도봉1동	23,383	11,793	11,590	4,934	2,283	2,651	4,931	2,282	2,649	3	1	2
2017	도봉구	도봉2동	29,319	14,420	14,899	5,473	2,498	2,975	5,469	2,495	2,974	4	3	1
2017	노원구	소계	558,075	271,025	287,050	74,243	30,827	43,416	74,178	30,799	43,379	65	28	37
2017	노원구	월계1동	24,144	12,440	11,704	3,759	1,710	2,049	3,756	1,708	2,048	3	2	1
2017	노원구	월계2동	27,306	13,197	14,109	4,700	1,921	2,779	4,697	1,920	2,777	3	1	2
2017	노원구	월계3동	33,314	16,089	17,225	5,066	2,142	2,924	5,062	2,141	2,921	4	1	3
2017	노원구	공릉2동	41,895	20,651	21,244	4,429	1,995	2,434	4,423	1,992	2,431	6	3	3
2017	노원구	하계1동	29,899	14,558	15,341	3,726	1,324	2,402	3,721	1,323	2,398	5	1	4
2017	노원구	하계2동	24,393	11,684	12,709	2,806	1,121	1,685	2,801	1,118	1,683	5	3	2
2017	노원구	중계본동	27,449	13,436	14,013	2,496	1,015	1,481	2,492	1,014	1,478	4	1	3
2017	노원구	중계1동	28,828	14,080	14,748	2,149	856	1,293	2,148	856	1,292	1	-	1
2017	노원구	중계4동	22,098	10,800	11,298	3,449	1,361	2,088	3,446	1,360	2,086	3	1	2
2017	노원구	상계1동	41,695	20,377	21,318	5,872	2,619	3,253	5,862	2,614	3,248	10	5	5
2017	노원구	상계2동	21,926	10,830	11,096	2,867	1,298	1,569	2,865	1,296	1,569	2	2	-
2017	노원구	상계5동	27,048	13,247	13,801	4,516	1,887	2,629	4,516	1,887	2,629	-	-	-
2017	노원구	상계8동	25,143	12,122	13,021	2,423	989	1,434	2,422	989	1,433	1	-	1
2017	노원구	상계9동	22,854	10,950	11,904	2,769	1,156	1,613	2,766	1,153	1,613	3	3	-
2017	노원구	상계10동	17,446	8,092	9,354	1,919	763	1,156	1,917	762	1,155	2	1	1
2017	노원구	상계3.4동	27,742	13,872	13,870	5,367	2,318	3,049	5,363	2,317	3,046	4	1	3
2017	노원구	상계6.7동	36,103	16,893	19,210	4,128	1,674	2,454	4,124	1,673	2,451	4	1	3
2017	노원구	중계2.3동	38,764	18,128	20,636	6,463	2,332	4,131	6,460	2,331	4,129	3	1	2
2017	노원구	공릉1동	40,028	19,579	20,449	5,339	2,346	2,993	5,337	2,345	2,992	2	1	1
2017	은평구	소계	491,202	238,223	252,979	74,559	32,323	42,236	74,400	32,245	42,155	159	78	81
2017	은평구	녹번동	33,053	15,966	17,087	5,491	2,338	3,153	5,467	2,325	3,142	24	13	11
2017	은평구	불광1동	42,356	20,238	22,118	6,744	2,855	3,889	6,735	2,850	3,885	9	5	4
2017	은평구	갈현1동	25,591	12,545	13,046	3,989	1,755	2,234	3,980	1,752	2,228	9	3	6
2017	은평구	갈현2동	30,907	14,811	16,096	4,327	1,859	2,468	4,321	1,859	2,462	6	-	6
2017	은평구	구산동	33,819	16,940	16,879	5,339	2,643	2,696	5,332	2,638	2,694	7	5	2
2017	은평구	대조동	33,362	15,789	17,573	5,201	2,229	2,972	5,189	2,223	2,966	12	6	6
2017	은평구	응암1동	26,400	12,668	13,732	3,795	1,580	2,215	3,789	1,578	2,211	6	2	4
2017	은평구	응암2동	21,712	10,637	11,075	2,838	1,203	1,635	2,829	1,199	1,630	9	4	5
2017	은평구	신사1동	28,169	13,713	14,456	4,160	1,814	2,346	4,151	1,810	2,341	9	4	5
2017	은평구	신사2동	22,210	11,124	11,086	3,267	1,458	1,809	3,261	1,455	1,806	6	3	3
2017	은평구	증산동	16,924	8,376	8,548	2,797	1,242	1,555	2,791	1,239	1,552	6	3	3
2017	은평구	수색동	13,830	6,976	6,854	2,492	1,045	1,447	2,488	1,043	1,445	4	2	2
2017	은평구	진관동	55,569	26,490	29,079	6,686	2,856	3,830	6,675	2,849	3,826	11	7	4
2017	은평구	불광2동	30,208	14,747	15,461	5,199	2,278	2,921	5,185	2,270	2,915	14	8	6
2017	은평구	응암3동	26,639	13,034	13,605	4,990	2,087	2,903	4,976	2,079	2,897	14	8	6
2017	은평구	역촌동	50,453	24,169	26,284	7,244	3,081	4,163	7,231	3,076	4,155	13	5	8
2017	서대문구	소계	325,028	155,250	169,778	49,266	20,776	28,490	48,898	20,600	28,298	368	176	192
2017	서대문구	천연동	19,365	9,288	10,077	3,082	1,181	1,901	3,075	1,179	1,896	7	2	5
2017	서대문구	홍제1동	24,422	11,530	12,892	4,034	1,689	2,345	4,016	1,679	2,337	18	10	8
2017	서대문구	홍제3동	17,201	8,323	8,878	3,236	1,351	1,885	3,231	1,350	1,881	5	1	4
2017	서대문구	홍제2동	15,009	7,196	7,813	2,446	1,004	1,442	2,439	1,000	1,439	7	4	3
2017	서대문구	홍은1동	23,321	11,372	11,949	4,096	1,726	2,370	4,082	1,718	2,364	14	8	6
2017	서대문구	홍은2동	30,116	14,723	15,393	4,740	2,067	2,673	4,703	2,052	2,651	37	15	22
2017	서대문구	남가좌1동	17,266	8,290	8,976	2,047	885	1,162	2,032	877	1,155	15	8	7
2017	서대문구	남가좌2동	23,238	11,231	12,007	3,824	1,580	2,244	3,809	1,572	2,237	15	8	7
2017	서대문구	북가좌1동	19,779	9,595	10,184	2,727	1,174	1,553	2,719	1,171	1,548	8	3	5
2017	서대문구	북가좌2동	34,718	16,949	17,769	5,507	2,407	3,100	5,490	2,399	3,091	17	8	9
2017	서대문구	충현동	18,768	9,152	9,616	3,077	1,301	1,776	3,071	1,299	1,772	6	2	4
2017	서대문구	북아현동	17,688	8,426	9,262	2,217	909	1,308	2,202	903	1,299	15	6	9
2017	서대문구	신촌동	23,309	9,508	13,801	2,180	924	1,256	2,152	908	1,244	28	16	12
2017	서대문구	연희동	40,828	19,667	21,161	6,053	2,578	3,475	5,877	2,493	3,384	176	85	91
2017	마포구	소계	385,783	183,248	202,535	49,615	20,806	28,809	49,356	20,677	28,679	259	129	130
2017	마포구	용강동	22,525	10,824	11,701	2,628	1,083	1,545	2,605	1,073	1,532	23	10	13
2017	마포구	대흥동	13,891	6,467	7,424	1,861	778	1,083	1,847	771	1,076	14	7	7
2017	마포구	염리동	11,388	5,384	6,004	1,694	708	986	1,684	701	983	10	7	3
2017	마포구	신수동	21,847	10,653	11,194	2,919	1,242	1,677	2,914	1,238	1,676	5	4	1
2017	마포구	서교동	26,580	12,213	14,367	3,283	1,434	1,849	3,274	1,429	1,845	9	5	4
2017	마포구	합정동	19,893	9,297	10,596	2,507	1,070	1,437	2,498	1,064	1,434	9	6	3
2017	마포구	망원1동	21,790	10,396	11,394	3,104	1,314	1,790	3,096	1,313	1,783	8	1	7
2017	마포구	망원2동	20,017	9,583	10,434	2,739	1,191	1,548	2,732	1,188	1,544	7	3	4
2017	마포구	연남동	17,803	8,380	9,423	2,410	1,002	1,408	2,332	969	1,363	78	33	45
2017	마포구	성산1동	20,609	9,785	10,824	2,701	1,174	1,527	2,688	1,165	1,523	13	9	4
2017	마포구	성산2동	40,566	19,172	21,394	5,490	2,170	3,320	5,483	2,167	3,316	7	3	4
2017	마포구	상암동	33,417	16,097	17,320	3,534	1,525	2,009	3,524	1,520	2,004	10	5	5
2017	마포구	도화동	23,087	11,019	12,068	3,424	1,445	1,979	3,413	1,441	1,972	11	4	7
2017	마포구	서강동	26,120	12,390	13,730	2,808	1,185	1,623	2,801	1,182	1,619	7	3	4
2017	마포구	공덕동	40,669	19,454	21,215	5,687	2,318	3,369	5,660	2,301	3,359	27	17	10
2017	마포구	아현동	25,581	12,134	13,447	2,826	1,167	1,659	2,805	1,155	1,650	21	12	9
2017	양천구	소계	475,018	234,279	240,739	55,234	24,641	30,593	55,136	24,585	30,551	98	56	42
2017	양천구	목1동	32,698	15,729	16,969	2,596	1,178	1,418	2,590	1,173	1,417	6	5	1
2017	양천구	목2동	31,988	15,628	16,360	3,401	1,512	1,889	3,390	1,505	1,885	11	7	4
2017	양천구	목3동	22,212	10,772	11,440	2,705	1,158	1,547	2,696	1,155	1,541	9	3	6
2017	양천구	목4동	27,596	13,647	13,949	2,760	1,177	1,583	2,755	1,174	1,581	5	3	2
2017	양천구	신월1동	22,927	11,781	11,146	3,416	1,557	1,859	3,413	1,556	1,857	3	1	2
2017	양천구	신월2동	23,280	11,482	11,798	3,279	1,495	1,784	3,275	1,493	1,782	4	2	2
2017	양천구	신월3동	17,649	9,252	8,397	2,569	1,154	1,415	2,565	1,153	1,412	4	1	3
2017	양천구	신월4동	19,675	9,684	9,991	2,622	1,184	1,438	2,620	1,183	1,437	2	1	1
2017	양천구	신월5동	16,066	7,950	8,116	2,014	937	1,077	2,010	935	1,075	4	2	2
2017	양천구	신월6동	7,078	3,556	3,522	985	469	516	984	469	515	1	-	1
2017	양천구	신월7동	23,153	11,408	11,745	3,659	1,551	2,108	3,655	1,549	2,106	4	2	2
2017	양천구	신정1동	21,861	10,713	11,148	2,250	999	1,251	2,244	995	1,249	6	4	2
2017	양천구	신정2동	21,261	10,454	10,807	2,234	952	1,282	2,228	949	1,279	6	3	3
2017	양천구	신정3동	50,810	25,014	25,796	6,011	2,632	3,379	5,993	2,622	3,371	18	10	8
2017	양천구	신정6동	25,745	12,585	13,160	2,140	994	1,146	2,139	993	1,146	1	1	-
2017	양천구	신정7동	30,787	15,021	15,766	4,091	1,688	2,403	4,087	1,685	2,402	4	3	1
2017	양천구	목5동	43,749	21,686	22,063	3,538	1,645	1,893	3,537	1,644	1,893	1	1	-
2017	양천구	신정4동	36,483	17,917	18,566	4,964	2,359	2,605	4,955	2,352	2,603	9	7	2
2017	강서구	소계	608,255	296,175	312,080	76,032	33,539	42,493	75,845	33,427	42,418	187	112	75
2017	강서구	염창동	40,900	20,119	20,781	3,511	1,564	1,947	3,503	1,561	1,942	8	3	5
2017	강서구	등촌1동	23,531	11,127	12,404	2,501	1,077	1,424	2,498	1,075	1,423	3	2	1
2017	강서구	등촌2동	22,255	11,072	11,183	2,579	1,207	1,372	2,576	1,205	1,371	3	2	1
2017	강서구	등촌3동	34,205	16,375	17,830	5,415	2,180	3,235	5,409	2,178	3,231	6	2	4
2017	강서구	화곡본동	36,640	17,924	18,716	4,129	1,790	2,339	4,118	1,788	2,330	11	2	9
2017	강서구	화곡2동	20,413	9,940	10,473	2,436	1,102	1,334	2,428	1,099	1,329	8	3	5
2017	강서구	화곡3동	22,903	11,055	11,848	3,365	1,561	1,804	3,363	1,560	1,803	2	1	1
2017	강서구	화곡4동	23,141	11,402	11,739	3,195	1,433	1,762	3,185	1,428	1,757	10	5	5
2017	강서구	화곡6동	25,099	12,388	12,711	3,185	1,476	1,709	3,180	1,472	1,708	5	4	1
2017	강서구	화곡8동	27,097	13,158	13,939	3,775	1,732	2,043	3,756	1,722	2,034	19	10	9
2017	강서구	가양1동	32,636	15,621	17,015	2,465	1,123	1,342	2,462	1,123	1,339	3	-	3
2017	강서구	가양2동	16,246	7,760	8,486	3,284	1,331	1,953	3,284	1,331	1,953	-	-	-
2017	강서구	가양3동	16,771	7,948	8,823	3,018	1,143	1,875	3,011	1,139	1,872	7	4	3
2017	강서구	발산1동	39,414	18,790	20,624	3,964	1,670	2,294	3,961	1,669	2,292	3	1	2
2017	강서구	공항동	28,554	14,645	13,909	3,402	1,548	1,854	3,344	1,497	1,847	58	51	7
2017	강서구	방화1동	46,694	22,845	23,849	5,532	2,535	2,997	5,523	2,530	2,993	9	5	4
2017	강서구	방화2동	24,731	12,248	12,483	4,098	1,755	2,343	4,090	1,751	2,339	8	4	4
2017	강서구	방화3동	25,417	12,286	13,131	4,232	1,768	2,464	4,228	1,767	2,461	4	1	3
2017	강서구	화곡1동	54,795	26,975	27,820	7,071	3,286	3,785	7,055	3,276	3,779	16	10	6
2017	강서구	우장산동	46,813	22,497	24,316	4,875	2,258	2,617	4,871	2,256	2,615	4	2	2
2017	구로구	소계	441,559	221,386	220,173	58,794	27,117	31,677	58,213	26,798	31,415	581	319	262
2017	구로구	신도림동	37,861	18,575	19,286	3,901	1,849	2,052	3,888	1,844	2,044	13	5	8
2017	구로구	구로1동	22,359	11,050	11,309	2,011	922	1,089	2,004	919	1,085	7	3	4
2017	구로구	구로3동	27,620	14,007	13,613	2,985	1,349	1,636	2,953	1,331	1,622	32	18	14
2017	구로구	구로4동	27,538	13,947	13,591	4,017	1,818	2,199	3,930	1,771	2,159	87	47	40
2017	구로구	구로5동	34,370	16,952	17,418	3,999	1,841	2,158	3,935	1,806	2,129	64	35	29
2017	구로구	고척1동	24,911	12,509	12,402	3,567	1,636	1,931	3,555	1,630	1,925	12	6	6
2017	구로구	고척2동	30,206	15,061	15,145	4,216	1,917	2,299	4,204	1,910	2,294	12	7	5
2017	구로구	개봉2동	34,293	16,864	17,429	5,223	2,511	2,712	5,214	2,505	2,709	9	6	3
2017	구로구	개봉3동	22,267	10,941	11,326	3,272	1,525	1,747	3,262	1,519	1,743	10	6	4
2017	구로구	오류1동	21,547	10,658	10,889	3,206	1,482	1,724	3,199	1,479	1,720	7	3	4
2017	구로구	오류2동	45,505	22,240	23,265	6,256	2,830	3,426	6,233	2,820	3,413	23	10	13
2017	구로구	수궁동	25,851	12,954	12,897	3,580	1,665	1,915	3,569	1,659	1,910	11	6	5
2017	구로구	가리봉동	16,207	9,277	6,930	1,971	900	1,071	1,874	842	1,032	97	58	39
2017	구로구	구로2동	35,893	18,747	17,146	5,246	2,348	2,898	5,070	2,249	2,821	176	99	77
2017	구로구	개봉1동	35,131	17,604	17,527	5,344	2,524	2,820	5,323	2,514	2,809	21	10	11
2017	금천구	소계	253,491	129,775	123,716	34,170	15,556	18,614	33,842	15,388	18,454	328	168	160
2017	금천구	가산동	23,274	12,993	10,281	2,230	1,121	1,109	2,167	1,086	1,081	63	35	28
2017	금천구	독산1동	39,421	20,664	18,757	4,581	2,078	2,503	4,540	2,055	2,485	41	23	18
2017	금천구	독산2동	22,670	11,555	11,115	2,944	1,339	1,605	2,915	1,327	1,588	29	12	17
2017	금천구	독산3동	30,584	15,729	14,855	3,925	1,822	2,103	3,828	1,774	2,054	97	48	49
2017	금천구	독산4동	18,996	9,668	9,328	2,498	1,152	1,346	2,464	1,134	1,330	34	18	16
2017	금천구	시흥1동	37,640	18,942	18,698	5,309	2,372	2,937	5,275	2,357	2,918	34	15	19
2017	금천구	시흥2동	23,761	11,628	12,133	3,481	1,559	1,922	3,478	1,556	1,922	3	3	-
2017	금천구	시흥3동	12,065	6,067	5,998	2,007	952	1,055	2,002	950	1,052	5	2	3
2017	금천구	시흥4동	23,203	11,566	11,637	3,376	1,533	1,843	3,364	1,524	1,840	12	9	3
2017	금천구	시흥5동	21,877	10,963	10,914	3,819	1,628	2,191	3,809	1,625	2,184	10	3	7
2017	영등포구	소계	402,024	202,400	199,624	53,981	24,376	29,605	53,299	24,020	29,279	682	356	326
2017	영등포구	여의동	33,718	15,979	17,739	5,496	2,454	3,042	5,478	2,441	3,037	18	13	5
2017	영등포구	당산1동	21,261	10,501	10,760	2,987	1,356	1,631	2,974	1,348	1,626	13	8	5
2017	영등포구	당산2동	35,684	16,928	18,756	3,970	1,817	2,153	3,956	1,806	2,150	14	11	3
2017	영등포구	양평1동	17,194	8,572	8,622	2,299	999	1,300	2,285	995	1,290	14	4	10
2017	영등포구	양평2동	22,769	11,400	11,369	2,259	983	1,276	2,253	980	1,273	6	3	3
2017	영등포구	신길1동	20,494	10,474	10,020	3,230	1,398	1,832	3,158	1,361	1,797	72	37	35
2017	영등포구	신길3동	17,780	8,986	8,794	2,604	1,158	1,446	2,576	1,141	1,435	28	17	11
2017	영등포구	신길4동	10,712	5,501	5,211	1,721	739	982	1,695	725	970	26	14	12
2017	영등포구	신길5동	13,079	6,581	6,498	1,965	866	1,099	1,927	849	1,078	38	17	21
2017	영등포구	신길6동	20,019	9,983	10,036	2,885	1,275	1,610	2,851	1,258	1,593	34	17	17
2017	영등포구	신길7동	17,292	8,673	8,619	1,853	838	1,015	1,850	837	1,013	3	1	2
2017	영등포구	대림1동	16,843	8,660	8,183	2,589	1,137	1,452	2,534	1,108	1,426	55	29	26
2017	영등포구	대림2동	21,811	11,351	10,460	2,688	1,196	1,492	2,555	1,128	1,427	133	68	65
2017	영등포구	대림3동	29,654	15,226	14,428	3,757	1,688	2,069	3,682	1,652	2,030	75	36	39
2017	영등포구	영등포본동	25,703	13,207	12,496	3,547	1,628	1,919	3,493	1,596	1,897	54	32	22
2017	영등포구	영등포동	24,055	13,343	10,712	3,035	1,575	1,460	3,022	1,568	1,454	13	7	6
2017	영등포구	도림동	22,274	11,323	10,951	2,998	1,337	1,661	2,929	1,302	1,627	69	35	34
2017	영등포구	문래동	31,682	15,712	15,970	4,098	1,932	2,166	4,081	1,925	2,156	17	7	10
2017	동작구	소계	408,493	198,827	209,666	57,255	24,994	32,261	57,071	24,902	32,169	184	92	92
2017	동작구	노량진2동	14,585	7,472	7,113	2,495	1,118	1,377	2,477	1,108	1,369	18	10	8
2017	동작구	상도1동	48,471	23,609	24,862	6,117	2,656	3,461	6,101	2,649	3,452	16	7	9
2017	동작구	상도2동	27,549	13,353	14,196	3,756	1,649	2,107	3,746	1,646	2,100	10	3	7
2017	동작구	상도3동	26,304	12,642	13,662	3,928	1,702	2,226	3,917	1,693	2,224	11	9	2
2017	동작구	상도4동	30,357	14,994	15,363	4,307	1,824	2,483	4,293	1,817	2,476	14	7	7
2017	동작구	사당1동	23,872	11,419	12,453	3,209	1,485	1,724	3,201	1,482	1,719	8	3	5
2017	동작구	사당3동	24,967	12,186	12,781	3,789	1,735	2,054	3,784	1,733	2,051	5	2	3
2017	동작구	사당4동	14,940	7,269	7,671	2,247	981	1,266	2,246	980	1,266	1	1	-
2017	동작구	사당5동	13,316	6,499	6,817	1,835	809	1,026	1,832	809	1,023	3	-	3
2017	동작구	대방동	40,684	19,456	21,228	4,971	2,069	2,902	4,961	2,065	2,896	10	4	6
2017	동작구	신대방1동	27,427	13,424	14,003	3,233	1,445	1,788	3,181	1,416	1,765	52	29	23
2017	동작구	신대방2동	20,867	10,125	10,742	2,704	1,212	1,492	2,702	1,212	1,490	2	-	2
2017	동작구	흑석동	33,532	16,106	17,426	5,128	2,111	3,017	5,112	2,104	3,008	16	7	9
2017	동작구	노량진1동	32,784	16,321	16,463	5,018	2,163	2,855	5,008	2,158	2,850	10	5	5
2017	동작구	사당2동	28,838	13,952	14,886	4,518	2,035	2,483	4,510	2,030	2,480	8	5	3
2017	관악구	소계	520,929	262,006	258,923	70,046	31,523	38,523	69,729	31,374	38,355	317	149	168
2017	관악구	보라매동	26,484	13,027	13,457	3,858	1,722	2,136	3,833	1,713	2,120	25	9	16
2017	관악구	청림동	16,695	8,218	8,477	2,472	1,056	1,416	2,469	1,053	1,416	3	3	-
2017	관악구	행운동	30,399	14,784	15,615	3,921	1,760	2,161	3,907	1,755	2,152	14	5	9
2017	관악구	낙성대동	17,882	8,920	8,962	1,875	831	1,044	1,866	826	1,040	9	5	4
2017	관악구	중앙동	15,506	7,475	8,031	2,171	969	1,202	2,160	964	1,196	11	5	6
2017	관악구	인헌동	27,748	13,650	14,098	3,525	1,563	1,962	3,514	1,560	1,954	11	3	8
2017	관악구	남현동	19,022	9,123	9,899	2,353	1,111	1,242	2,349	1,108	1,241	4	3	1
2017	관악구	서원동	23,542	11,965	11,577	2,911	1,337	1,574	2,904	1,337	1,567	7	-	7
2017	관악구	신원동	19,940	9,959	9,981	2,932	1,275	1,657	2,910	1,261	1,649	22	14	8
2017	관악구	서림동	25,264	13,848	11,416	3,101	1,446	1,655	3,098	1,445	1,653	3	1	2
2017	관악구	신사동	26,229	13,244	12,985	3,128	1,422	1,706	3,067	1,390	1,677	61	32	29
2017	관악구	신림동	21,470	10,816	10,654	1,831	844	987	1,794	827	967	37	17	20
2017	관악구	난향동	16,871	8,384	8,487	2,435	1,077	1,358	2,431	1,075	1,356	4	2	2
2017	관악구	조원동	19,952	10,251	9,701	2,481	1,169	1,312	2,458	1,158	1,300	23	11	12
2017	관악구	대학동	24,589	14,551	10,038	2,482	1,145	1,337	2,479	1,143	1,336	3	2	1
2017	관악구	은천동	35,985	17,774	18,211	5,119	2,298	2,821	5,090	2,284	2,806	29	14	15
2017	관악구	성현동	33,453	16,309	17,144	5,074	2,184	2,890	5,072	2,183	2,889	2	1	1
2017	관악구	청룡동	29,457	14,379	15,078	3,564	1,641	1,923	3,540	1,632	1,908	24	9	15
2017	관악구	난곡동	30,094	15,248	14,846	4,730	2,126	2,604	4,719	2,122	2,597	11	4	7
2017	관악구	삼성동	26,826	13,483	13,343	5,242	2,278	2,964	5,236	2,275	2,961	6	3	3
2017	관악구	미성동	33,521	16,598	16,923	4,841	2,269	2,572	4,833	2,263	2,570	8	6	2
2017	서초구	소계	445,401	213,422	231,979	53,205	24,135	29,070	53,119	24,090	29,029	86	45	41
2017	서초구	서초1동	21,532	10,420	11,112	2,611	1,222	1,389	2,607	1,221	1,386	4	1	3
2017	서초구	서초2동	16,766	7,999	8,767	1,771	829	942	1,767	828	939	4	1	3
2017	서초구	서초3동	30,439	14,965	15,474	4,050	1,900	2,150	4,045	1,897	2,148	5	3	2
2017	서초구	서초4동	31,285	15,178	16,107	3,552	1,683	1,869	3,548	1,679	1,869	4	4	-
2017	서초구	잠원동	34,940	16,572	18,368	3,520	1,541	1,979	3,511	1,537	1,974	9	4	5
2017	서초구	반포본동	12,826	6,054	6,772	1,766	794	972	1,765	794	971	1	-	1
2017	서초구	반포1동	28,665	13,753	14,912	2,577	1,122	1,455	2,572	1,120	1,452	5	2	3
2017	서초구	반포2동	24,506	11,740	12,766	2,699	1,189	1,510	2,699	1,189	1,510	-	-	-
2017	서초구	반포3동	18,721	8,931	9,790	2,044	878	1,166	2,041	876	1,165	3	2	1
2017	서초구	반포4동	20,443	9,715	10,728	2,368	1,103	1,265	2,360	1,099	1,261	8	4	4
2017	서초구	방배본동	21,805	10,198	11,607	2,621	1,167	1,454	2,616	1,164	1,452	5	3	2
2017	서초구	방배1동	17,293	8,133	9,160	2,344	1,093	1,251	2,341	1,090	1,251	3	3	-
2017	서초구	방배2동	27,221	12,969	14,252	3,956	1,812	2,144	3,952	1,810	2,142	4	2	2
2017	서초구	방배3동	22,584	10,873	11,711	3,270	1,510	1,760	3,266	1,510	1,756	4	-	4
2017	서초구	방배4동	26,392	12,135	14,257	3,235	1,461	1,774	3,225	1,455	1,770	10	6	4
2017	서초구	양재1동	47,275	22,634	24,641	5,668	2,464	3,204	5,659	2,458	3,201	9	6	3
2017	서초구	양재2동	23,836	11,939	11,897	2,438	1,108	1,330	2,430	1,104	1,326	8	4	4
2017	서초구	내곡동	18,872	9,214	9,658	2,715	1,259	1,456	2,715	1,259	1,456	-	-	-
2017	강남구	소계	561,052	268,941	292,111	65,060	29,337	35,723	64,946	29,282	35,664	114	55	59
2017	강남구	신사동	18,105	8,420	9,685	2,691	1,212	1,479	2,682	1,205	1,477	9	7	2
2017	강남구	논현1동	24,186	11,192	12,994	2,672	1,200	1,472	2,669	1,200	1,469	3	-	3
2017	강남구	논현2동	22,573	10,587	11,986	2,782	1,276	1,506	2,777	1,273	1,504	5	3	2
2017	강남구	삼성1동	15,193	7,650	7,543	1,900	911	989	1,892	908	984	8	3	5
2017	강남구	삼성2동	29,628	14,130	15,498	2,867	1,271	1,596	2,864	1,269	1,595	3	2	1
2017	강남구	대치1동	25,262	12,666	12,596	2,061	992	1,069	2,056	990	1,066	5	2	3
2017	강남구	대치4동	21,193	9,995	11,198	1,806	802	1,004	1,806	802	1,004	-	-	-
2017	강남구	역삼1동	36,534	17,618	18,916	3,266	1,519	1,747	3,250	1,511	1,739	16	8	8
2017	강남구	역삼2동	37,103	17,499	19,604	3,330	1,492	1,838	3,323	1,489	1,834	7	3	4
2017	강남구	도곡1동	22,882	10,877	12,005	2,455	1,151	1,304	2,449	1,149	1,300	6	2	4
2017	강남구	도곡2동	34,884	16,203	18,681	3,938	1,951	1,987	3,929	1,945	1,984	9	6	3
2017	강남구	개포1동	20,111	9,682	10,429	2,861	1,308	1,553	2,860	1,308	1,552	1	-	1
2017	강남구	개포4동	18,525	9,091	9,434	1,946	883	1,063	1,942	882	1,060	4	1	3
2017	강남구	일원본동	25,027	12,292	12,735	2,285	1,010	1,275	2,284	1,010	1,274	1	-	1
2017	강남구	일원1동	17,108	8,358	8,750	2,692	1,162	1,530	2,683	1,157	1,526	9	5	4
2017	강남구	일원2동	16,467	7,895	8,572	2,452	934	1,518	2,452	934	1,518	-	-	-
2017	강남구	수서동	16,787	7,712	9,075	3,644	1,386	2,258	3,642	1,385	2,257	2	1	1
2017	강남구	세곡동	44,921	21,497	23,424	5,376	2,394	2,982	5,372	2,393	2,979	4	1	3
2017	강남구	압구정동	28,050	12,977	15,073	4,494	2,022	2,472	4,488	2,019	2,469	6	3	3
2017	강남구	청담동	30,269	14,290	15,979	3,760	1,733	2,027	3,757	1,731	2,026	3	2	1
2017	강남구	대치2동	41,566	21,142	20,424	4,077	1,943	2,134	4,065	1,937	2,128	12	6	6
2017	강남구	개포2동	14,678	7,168	7,510	1,705	785	920	1,704	785	919	1	-	1
2017	송파구	소계	671,173	326,407	344,766	76,582	35,274	41,308	76,442	35,204	41,238	140	70	70
2017	송파구	풍납1동	16,996	8,375	8,621	2,598	1,172	1,426	2,583	1,164	1,419	15	8	7
2017	송파구	풍납2동	25,386	12,174	13,212	2,946	1,348	1,598	2,942	1,348	1,594	4	-	4
2017	송파구	거여1동	13,466	6,867	6,599	1,920	906	1,014	1,920	906	1,014	-	-	-
2017	송파구	거여2동	17,915	8,885	9,030	2,731	1,193	1,538	2,731	1,193	1,538	-	-	-
2017	송파구	마천1동	22,047	11,237	10,810	3,711	1,664	2,047	3,705	1,663	2,042	6	1	5
2017	송파구	마천2동	20,857	10,543	10,314	3,398	1,508	1,890	3,393	1,506	1,887	5	2	3
2017	송파구	방이1동	16,758	8,163	8,595	1,770	842	928	1,765	840	925	5	2	3
2017	송파구	방이2동	25,600	12,383	13,217	2,816	1,307	1,509	2,808	1,305	1,503	8	2	6
2017	송파구	오륜동	19,562	9,582	9,980	2,070	1,037	1,033	2,069	1,036	1,033	1	1	-
2017	송파구	오금동	38,091	18,748	19,343	4,734	2,168	2,566	4,723	2,161	2,562	11	7	4
2017	송파구	송파1동	26,318	12,493	13,825	2,879	1,355	1,524	2,869	1,351	1,518	10	4	6
2017	송파구	송파2동	21,474	10,418	11,056	2,432	1,166	1,266	2,427	1,164	1,263	5	2	3
2017	송파구	석촌동	34,670	16,809	17,861	3,820	1,734	2,086	3,806	1,725	2,081	14	9	5
2017	송파구	삼전동	33,624	16,092	17,532	3,313	1,453	1,860	3,308	1,450	1,858	5	3	2
2017	송파구	가락본동	28,251	14,092	14,159	2,985	1,396	1,589	2,978	1,391	1,587	7	5	2
2017	송파구	가락1동	905	450	455	114	41	73	111	39	72	3	2	1
2017	송파구	가락2동	34,681	17,070	17,611	3,434	1,618	1,816	3,430	1,615	1,815	4	3	1
2017	송파구	문정1동	21,608	10,652	10,956	2,375	1,137	1,238	2,370	1,135	1,235	5	2	3
2017	송파구	문정2동	27,540	13,148	14,392	3,110	1,543	1,567	3,109	1,543	1,566	1	-	1
2017	송파구	장지동	35,217	17,111	18,106	3,849	1,630	2,219	3,845	1,627	2,218	4	3	1
2017	송파구	위례동	28,253	13,765	14,488	1,720	735	985	1,718	734	984	2	1	1
2017	송파구	잠실본동	29,897	14,220	15,677	3,127	1,417	1,710	3,113	1,409	1,704	14	8	6
2017	송파구	잠실4동	30,430	14,693	15,737	3,297	1,532	1,765	3,295	1,531	1,764	2	1	1
2017	송파구	잠실6동	17,430	8,339	9,091	2,232	1,058	1,174	2,231	1,057	1,174	1	1	-
2017	송파구	잠실7동	10,444	4,866	5,578	1,796	864	932	1,794	863	931	2	1	1
2017	송파구	잠실2동	36,983	17,617	19,366	2,898	1,287	1,611	2,897	1,286	1,611	1	1	-
2017	송파구	잠실3동	36,770	17,615	19,155	4,507	2,163	2,344	4,502	2,162	2,340	5	1	4
2017	강동구	소계	440,359	218,699	221,660	56,161	25,540	30,621	56,080	25,502	30,578	81	38	43
2017	강동구	강일동	33,676	16,334	17,342	4,107	1,805	2,302	4,102	1,803	2,299	5	2	3
2017	강동구	상일동	9,894	4,974	4,920	1,276	589	687	1,274	587	687	2	2	-
2017	강동구	명일1동	22,609	11,082	11,527	2,785	1,250	1,535	2,779	1,249	1,530	6	1	5
2017	강동구	명일2동	18,210	9,081	9,129	1,922	929	993	1,920	928	992	2	1	1
2017	강동구	고덕1동	27,602	13,989	13,613	2,368	1,046	1,322	2,365	1,045	1,320	3	1	2
2017	강동구	고덕2동	8,232	4,418	3,814	1,377	626	751	1,375	625	750	2	1	1
2017	강동구	암사2동	14,991	7,315	7,676	1,869	870	999	1,868	869	999	1	1	-
2017	강동구	암사3동	19,028	9,334	9,694	2,044	979	1,065	2,042	977	1,065	2	2	-
2017	강동구	천호1동	29,748	14,762	14,986	4,359	1,950	2,409	4,350	1,946	2,404	9	4	5
2017	강동구	천호3동	28,193	14,094	14,099	4,050	1,872	2,178	4,045	1,870	2,175	5	2	3
2017	강동구	성내1동	21,208	10,361	10,847	2,554	1,178	1,376	2,550	1,175	1,375	4	3	1
2017	강동구	성내2동	25,967	12,917	13,050	3,643	1,682	1,961	3,636	1,679	1,957	7	3	4
2017	강동구	성내3동	24,536	12,253	12,283	3,077	1,394	1,683	3,075	1,393	1,682	2	1	1
2017	강동구	둔촌1동	1,997	1,035	962	239	113	126	238	112	126	1	1	-
2017	강동구	둔촌2동	28,920	14,355	14,565	3,546	1,621	1,925	3,543	1,620	1,923	3	1	2
2017	강동구	암사1동	38,434	19,153	19,281	5,132	2,241	2,891	5,126	2,238	2,888	6	3	3
2017	강동구	천호2동	36,691	18,428	18,263	5,342	2,416	2,926	5,326	2,409	2,917	16	7	9
2017	강동구	길동	50,423	24,814	25,609	6,471	2,979	3,492	6,466	2,977	3,489	5	2	3